t,pitch,q,roll,altitude,pwm
1.75,0.00014845182886347175,2.2479871404357255e-05,-8.53051315061748e-05,0.0,0
1.85,0.0001369211677229032,0.00010231853229925036,-6.824186857556924e-05,-0.161,0
1.95,0.00010160261444980279,8.791862637735903e-05,-3.678732900880277e-05,-0.179,1000
2.05,6.899931759107858e-05,4.020969936391339e-05,2.2835538402432576e-06,-0.023,1000
2.15,4.4776817958336323e-05,7.997263310244307e-05,4.827891098102555e-05,0.07,1000
2.25,1.5955774870235473e-05,-4.4275879190536216e-05,8.155713294399902e-05,0.073,1000
2.35,-1.4336390449898317e-05,4.635209188563749e-05,0.00010609120363369584,-0.084,1000
2.45,-4.371995237306692e-05,4.089615322300233e-05,0.00013224946451373398,-0.187,1000
2.55,-6.606899842154235e-05,-7.097396064636996e-06,0.00015833140059839934,-0.108,1000
2.65,-8.042513218242675e-05,8.607753261458129e-05,0.00017956443480215967,0.126,1000
2.75,-8.567585609853268e-05,6.646891415584832e-05,0.00019207177683711052,-0.111,1000
2.85,-8.96800629561767e-05,-7.636775990249589e-06,0.00019633769989013672,0.023,1000
2.95,-9.374180808663368e-05,9.667869016993791e-05,0.00019394548144191504,-0.217,1000
3.05,-9.50943140196614e-05,3.87513773603132e-06,0.00018940864538308233,-0.014,1000
3.15,-8.688613161211833e-05,0.00012466074258554727,0.00017385206592734903,-0.017,1000
3.25,-8.060697291512042e-05,6.161460623843595e-05,0.00015892925148364156,-0.179,1000
3.35,-6.938774458831176e-05,8.15603052615188e-05,0.00015431654173880816,0.07,1000
3.45,-6.058868530089967e-05,6.372523785103112e-05,0.00014790963905397803,-0.182,1000
3.55,-4.9653492169454694e-05,3.602781725930981e-05,0.0001446309470338747,0.079,1000
3.65,-3.765757355722599e-05,0.00011049729073420167,0.000143938057590276,-0.155,1000
3.75,-3.5083583497907966e-05,6.008584750816226e-05,0.0001363445771858096,-0.032,1000
3.85,-2.7626403607428074e-05,0.00011639120930340141,0.0001287738123210147,0.108,1000
3.95,-2.9507369617931545e-05,7.734999962849542e-05,0.00012807210441678762,-0.164,1000
4.05,-3.256544368923642e-05,1.8409207768854685e-05,0.00012454984243959188,-0.226,1000
4.15,-3.5087825381197035e-05,0.00012816143862437457,0.00012690998846665025,0.111,1000
4.25,-3.863940582959913e-05,8.429865556536242e-05,0.00013325722829904407,-0.103,1000
4.35,-4.308497955207713e-05,9.209872223436832e-05,0.00013444008072838187,-0.217,1000
4.45,-4.737111521535553e-05,0.00011253204138483852,0.00013821340689901263,-0.014,1000
4.55,-5.504967339220457e-05,0.00010869883408304304,0.00014003098476678133,-0.126,1000
4.65,-6.387395842466503e-05,5.582247467827983e-05,0.00013809188385494053,-0.252,1000
4.75,-6.869753997307271e-05,-7.783841283526272e-06,0.0001345074560958892,0.132,1000
4.85,-7.217456732178107e-05,3.9704274968244135e-05,0.00012714620970655233,0.005,1000
4.95,-7.617413211846724e-05,3.8083206163719296e-05,0.00013152560859452933,-0.179,1000
5.05,-7.898707553977147e-05,6.255658809095621e-05,0.00014315031876321882,0.073,1000
5.15,-8.231754327425733e-05,6.966511136852205e-05,0.00015339242236223072,-0.173,1000
5.25,-8.138277917169034e-05,7.234921213239431e-05,0.00015730445738881826,0.117,1000
5.35,-8.278566383523867e-05,6.245799886528403e-05,0.00016113798483274877,-0.241,1000
5.45,-7.794471457600594e-05,0.00014349326374940574,0.00016191655595321208,-0.202,1000
5.55,-6.982692866586149e-05,8.444768172921613e-05,0.000162357377121225,-0.055,1000
5.65,-5.554379094974138e-05,9.737087384564802e-05,0.0001596109359525144,-0.258,1000
5.75,-4.223244832246564e-05,0.00010862608178285882,0.00015527817595284432,0.029,1000
5.85,-3.4488122764742e-05,6.549378304043785e-05,0.00015355259529314935,-0.261,1000
5.95,-2.9902370442869142e-05,5.636855712509714e-05,0.00014964673027861863,0.062,1000
6.05,-2.201210372732021e-05,6.846690666861832e-05,0.00015652408183086663,-0.046,1000
6.15,-1.2635105122171808e-05,0.00012156413868069649,0.00016599327500443906,0.005,1000
6.25,-8.121525752358139e-06,6.276266503846273e-05,0.00016768556088209152,-0.099,1000
6.35,-5.877227522432804e-06,-1.661171882005874e-05,0.00016848021186888218,-0.155,1000
6.45,-1.4590657428925624e-06,7.17250004527159e-05,0.0001683449518168345,0.132,1000
6.55,-1.3237439588920097e-06,0.00015499246364925057,0.00017120872507803142,-0.117,1000
6.65,-9.940732525137719e-06,0.00012154910655226558,0.00017075265350285918,-0.244,1000
6.75,-2.0167210095678456e-05,6.104884232627228e-05,0.00016667402815073729,-0.117,1000
6.85,-1.4148296031635255e-05,9.460854926146567e-05,0.00017274143465328962,0.085,1000
6.95,-8.566978976887185e-06,8.872220496414229e-05,0.00017329803085885942,-0.008,1000
7.05,-1.3266534551803488e-05,3.316906077088788e-05,0.00017508964810986072,-0.182,1000
7.15,-1.678566877671983e-05,7.563491817563772e-05,0.0001778008881956339,0.07,1000
7.25,-1.9537936168489978e-05,5.487800081027672e-05,0.0001750987721607089,-0.261,1000
7.35,-1.6157628124346957e-05,0.00014290670515038073,0.0001740381121635437,-0.005,1000
7.45,-1.5310874005081132e-05,0.00011025274579878896,0.00016945175593718886,-0.064,1000
7.55,-1.3657283489010297e-05,7.228678441606462e-05,0.00016795771080069244,-0.132,1000
7.65,-1.0018903594755102e-05,0.00011101186828454956,0.00016546739789191633,0.126,1000
7.75,-6.94764094077982e-06,8.708841778570786e-05,0.00016017898451536894,0.12,1000
7.85,-9.772057637746911e-06,7.014169386820868e-05,0.00015199542394839227,0.097,1000
7.95,-1.1036354408133775e-05,9.16268618311733e-05,0.00014659459702670574,-0.22,1000
8.05,-1.0700284292397555e-05,0.00010453836875967681,0.00014336395543068647,-0.258,1000
8.15,-2.9805487429257482e-06,0.00012312796025071293,0.0001476976613048464,-0.087,1000
8.25,-5.43161149835214e-07,5.148346099304035e-05,0.000153644650708884,0.041,1000
8.35,-3.46939850714989e-06,8.657477155793458e-05,0.0001650573976803571,-0.135,1000
8.45,-2.6051636723423144e-06,0.00018239275959786028,0.00017519251559861004,0.108,1000
8.55,-2.8280194896979083e-07,0.0001100447989301756,0.00018231045396532863,-0.038,1000
8.65,-2.730957930907607e-06,5.528150359168649e-05,0.00018849465413950384,-0.149,1000
8.75,-2.6334746507927775e-06,0.00014643420581705868,0.00020297031733207405,-0.005,1000
8.85,-2.178094518967555e-06,0.0001614992943359539,0.00021439271222334355,-0.052,1000
8.95,2.3226605208037654e-06,9.458187560085207e-05,0.0002088202309096232,-0.241,1000
9.05,8.311442798003554e-06,0.00021088037465233356,0.00020209120702929795,-0.261,1000
9.15,1.1842990716104396e-05,7.70667684264481e-05,0.00020807888358831406,-0.182,1000
9.25,1.6092353689600714e-05,0.00014000425289850682,0.00021585517970379442,-0.099,1000
9.35,1.8080534573527984e-05,0.00012551769032143056,0.00021777751680929214,0.017,1000
9.45,1.2863316442235373e-05,0.0001700838765827939,0.00021904039022047073,-0.202,1000
9.55,1.1224175977986306e-05,0.00013277442485559732,0.0002168371283914894,-0.055,1000
9.65,1.5768533558002673e-05,0.0001547157735330984,0.00020007987041026354,0.103,1000
9.75,1.5030179383757059e-05,0.00012313642946537584,0.0001888296246761456,0.032,1000
9.85,1.5858184269745834e-05,0.00014886262943036854,0.00017390464199706912,0.017,1000
9.95,9.93956837191945e-06,5.771653013653122e-05,0.0001642289716983214,-0.144,1000
10.05,6.491172825917602e-06,0.00013202818809077144,0.0001567457220517099,-0.229,1000
10.15,1.4177686580296722e-07,0.00012329110177233815,0.00015292254101950675,-0.087,1000
10.25,-6.146086434455356e-06,0.00012730006710626185,0.0001534839830128476,0.085,1000
10.35,-7.209504474303685e-06,0.00013673507783096284,0.00016006665828172117,0.023,1000
10.45,-1.0418139936518855e-05,9.846993634710088e-05,0.00016736854740884155,-0.214,1000
10.55,-1.3055258932581637e-05,0.00012580471229739487,0.00017277238657698035,0.023,1000
10.65,-1.6076432075351477e-05,0.00015988500672392547,0.0001780281454557553,-0.096,1000
10.75,-1.6995638361549936e-05,0.00012523891928140074,0.0001854004804044962,0.014,1000
10.85,-1.871696258604061e-05,0.0001381561887683347,0.00018985633505508304,-0.079,1000
10.95,-1.638522735447623e-05,0.0001893218868644908,0.00019256437371950597,-0.261,1000
11.05,-1.647529825277161e-05,0.00014226703206077218,0.00019482024072203785,-0.096,1000
11.15,-1.6264386431430466e-05,0.00013184388808440417,0.00020095477520953864,0.014,1000
11.25,-1.6542460798518732e-05,0.0001661371352383867,0.0002208273799624294,-0.19,1000
11.35,-1.3200424291426316e-05,0.00016105553368106484,0.00023363594664260745,-0.064,1000
11.45,-4.890833679382922e-06,0.00017953342467080802,0.00024185903021134436,-0.102,1000
11.55,-3.5301613934279885e-06,0.0001406616938766092,0.00024207877868320793,-0.105,1000
11.65,-5.4578290473727975e-06,0.00015538514708168805,0.00024070865765679628,-0.205,1000
11.75,-7.071814252412878e-06,0.00022021801851224154,0.00023389355919789523,-0.087,1000
11.85,-1.3203378330217674e-05,0.00017817008483689278,0.00022817702847532928,-0.187,1000
11.95,-2.1104386178194545e-05,0.00010719769488787279,0.00022318237461149693,-0.049,1000
12.05,-1.9291273929411545e-05,0.0001586621510796249,0.00021625240333378315,0.029,1000
12.15,-2.1049039787612855e-05,0.00016086838149931282,0.00020991211931686848,-0.252,1000
12.25,-2.005793430726044e-05,0.00021056258992757648,0.00020704725466202945,-0.152,1000
12.35,-1.5561532563879155e-05,0.00018024371820501983,0.00020519981626421213,-0.055,1000
12.45,-1.1199106666026637e-05,0.00019542485824786127,0.00020899555238429457,-0.223,1000
12.55,-4.668159363063751e-06,9.514892008155584e-05,0.00020930488244630396,-0.211,1000
12.65,1.265248897652782e-06,0.00012207221880089492,0.000212043960345909,0.044,1000
12.75,8.688653906574473e-06,0.0001664995215833187,0.00021225489035714418,0.014,1000
12.85,1.7432725144317374e-05,0.0001998077059397474,0.00021552789257839322,-0.276,1000
12.95,2.5949788323487155e-05,0.0001741764135658741,0.0002175728150177747,0.044,1000
13.05,3.953316991101019e-05,0.0001875289308372885,0.0002148727944586426,-0.046,1000
13.15,4.146091305301525e-05,0.000178759204572998,0.00021389088942669332,0.1,1000
13.25,4.142982288612984e-05,0.00012950463860761374,0.00021402658603619784,-0.096,1000
13.35,3.912994361598976e-05,0.00012920155131723732,0.00021611231204587966,-0.07,1000
13.45,3.7466863432200626e-05,0.00016396290448028594,0.00021993921836838126,0.047,1000
13.55,3.858569107251242e-05,0.00022218706726562232,0.0002230832469649613,-0.049,1000
13.65,3.7813650124007836e-05,0.0001803118793759495,0.00022751562937628478,-0.176,1000
13.75,4.23786295868922e-05,0.00020515180949587375,0.00022752030054107308,0.011,1000
13.85,4.7347704821731895e-05,0.00019098831398878247,0.0002235055435448885,-0.279,1000
13.95,5.439378583105281e-05,0.00029122602427378297,0.00022441332112066448,0.005,1000
14.05,5.204536864766851e-05,0.00014673294208478183,0.0002443537232466042,0.029,1000
14.15,5.1291957788635045e-05,0.00023106556909624487,0.0002550061617512256,-0.041,1000
14.25,5.280598998069763e-05,0.00016778556164354086,0.00025688137975521386,-0.011,1000
14.35,5.309720290824771e-05,0.00021685818501282483,0.0002614762634038925,-0.082,1000
14.45,5.342337317415513e-05,0.00019273351063020527,0.00026639801217243075,-0.152,1000
14.55,5.479440005728975e-05,0.00016901180788408965,0.00026715343119576573,0.1,1000
14.65,6.298691005213186e-05,0.00020156225946266204,0.00025939143961295485,-0.135,1000
14.75,6.82560566929169e-05,0.00023352641437668353,0.000255479448242113,-0.049,1000
14.85,6.210031278897077e-05,0.0002496291999705136,0.0002612164244055748,0.014,1000
14.95,5.819911166327074e-05,0.00021164202189538628,0.00026465553673915565,-0.102,1000
15.05,5.739384505432099e-05,9.350416075903922e-05,0.0002709735417738557,-0.211,1000
15.15,5.102785871713422e-05,0.00018346606520935893,0.000272832257905975,0.02,1000
15.25,4.321075539337471e-05,0.00018788722809404135,0.00027154339477419853,0.011,1000
15.35,4.057495971210301e-05,0.0001705694739939645,0.00026899311342276633,0.011,1000
15.45,4.50879851996433e-05,0.000203592237085104,0.0002656612196005881,-0.087,1000
15.55,5.0016591558232903e-05,0.00016908638644963503,0.0002607231726869941,-0.126,1000
15.65,5.884685742785223e-05,0.0002167632628697902,0.00026272694231010973,-0.223,1000
15.75,6.237084744498134e-05,0.00027048273477703333,0.00026098857051692903,-0.011,1000
15.85,5.6398937886115164e-05,0.0002199690934503451,0.00025717332027852535,-0.011,1000
15.95,5.6578803196316585e-05,0.00028793205274268985,0.00024633013526909053,-0.067,1000
16.05,5.439416418084875e-05,0.00013109568681102246,0.0002366100816288963,-0.185,1000
16.15,4.943192470818758e-05,0.00025231862673535943,0.00022774786339141428,0.111,1000
16.25,4.431631896295585e-05,0.00023894877813290805,0.00022473762510344386,-0.176,1000
16.35,3.852205190923996e-05,0.00024135217245202512,0.00022695990628562868,-0.179,1000
16.45,3.2954227208392695e-05,0.00018581494805403054,0.00023813372536096722,0.023,1000
16.55,3.287864092271775e-05,0.00032072130125015974,0.0002443853591103107,-0.226,1000
16.65,4.108255234314129e-05,0.00022216382785700262,0.00024039344862103462,-0.035,1000
16.75,4.989729495719075e-05,0.0002847092691808939,0.00023977340606506914,-0.217,1000
16.85,5.7753910368774086e-05,0.00024532643146812916,0.00024416338419541717,-0.152,1000
16.95,6.117558223195374e-05,0.00023993126524146646,0.0002461387193761766,0.126,1000
17.05,6.196866161189973e-05,0.0002492934581823647,0.00024462773581035435,0.023,1000
17.15,6.602112989639863e-05,0.00026186543982475996,0.00024708034470677376,0.017,1000
17.25,6.499030132545158e-05,0.0003124158538412303,0.00024654518347233534,-0.011,1000
17.35,6.04652741458267e-05,0.00025339011335745454,0.0002588600036688149,-0.164,1000
17.45,5.1920411351602525e-05,0.0003084937634412199,0.00028020323952659965,-0.152,1000
17.55,4.749121217173524e-05,0.00020360195776447654,0.0002884550776798278,-0.17,1000
17.65,4.6601144276792184e-05,0.0002528374025132507,0.00028862859471701086,-0.105,1000
17.75,4.3888150685233995e-05,0.00020946476433891803,0.0002972286310978234,0.008,1000
17.85,3.657331762951799e-05,0.000244777969783172,0.0003097059961874038,-0.046,1000
17.95,3.420447319513187e-05,0.0002857033396139741,0.0003183540247846395,-0.082,1000
18.05,3.860493961838074e-05,0.00029262658790685236,0.0003220206708647311,-0.038,1000
18.15,4.099346915609203e-05,0.0002956313546746969,0.00031804724130779505,0.026,1000
18.25,4.0339131373912096e-05,0.00023753599089104682,0.0003083880292251706,0.129,1000
18.35,3.960981121053919e-05,0.0001655786472838372,0.0003053505497518927,-0.199,1000
18.45,4.606771835824475e-05,0.0002560680150054395,0.00030260448693297803,-0.129,1000
18.55,4.775768320541829e-05,0.00021735546761192381,0.00030167304794304073,-0.152,1000
18.65,4.6507975639542565e-05,0.00017244457558263093,0.0002977961557917297,0.002,1000
18.75,4.8301928472938016e-05,0.00022520784114021808,0.00029373689903877676,-0.052,1000
18.85,5.131640864419751e-05,0.00021773665503133088,0.0002826470590662211,0.105,1000
18.95,6.0596896219067276e-05,0.00029189669294282794,0.00027547148056328297,-0.038,1000
19.05,7.720939902355894e-05,0.0002579984429758042,0.0002727934333961457,-0.234,1000
19.15,8.780258940532804e-05,0.0002096664538839832,0.00027489729109220207,-0.234,1000
19.25,9.1486144810915e-05,0.00021746187121607363,0.0002762236399576068,0.023,1000
19.35,0.0001033646403811872,0.0003425418399274349,0.00028179993387311697,-0.231,1000
19.45,0.00010924831440206617,0.00025705559528432786,0.0002888878807425499,-0.264,1000
19.55,0.0001095165716833435,0.00018941839516628534,0.0002932882634922862,-0.038,1000
19.65,0.00011020072270184755,0.00023189237981569022,0.0002958764089271426,-0.179,1000
19.75,0.00010933646990451962,0.0002467877056915313,0.00029363881913013756,-0.208,1000
19.85,0.00010714448580984026,0.0003750705800484866,0.000296679645543918,0.12,1000
19.95,0.0001102706155506894,0.00020233099348843098,0.00029708989313803613,-0.231,1000
20.05,0.00012154858995927498,0.00024029392807278782,0.00029905655537731946,0.017,1000
20.15,0.00013643491547554731,0.00026678008725866675,0.00029350866680033505,-0.267,1000
20.25,0.00015126302605494857,0.0002556225808802992,0.0002879344974644482,0.073,1000
20.35,0.00017304372158832848,0.00025111777358688414,0.0003010596556123346,-0.052,1000
20.45,0.00019814129336737096,0.0003330217150505632,0.00032474330510012805,0.103,1000
20.55,3.3943222661037e-05,0.00010489825217518955,0.0002590192307252437,-0.255,1000
20.65,3.95951938116923e-05,8.502183482050896e-05,0.0002612690441310406,-0.01,1000
20.75,4.7734873078297824e-05,0.00016692567442078143,0.00026744065689854324,-0.011,1000
20.85,5.107095421408303e-05,5.898825475014746e-05,0.00027499531279318035,-0.014,1000
20.95,5.753594450652599e-05,6.05492532486096e-05,0.0002822133246809244,-0.019,1000
21.05,6.53978786431253e-05,0.00010722583101596683,0.00029179686680436134,-0.024,1000
21.15,6.968138768570498e-05,1.1049414752051234e-05,0.00029662266024388373,-0.028,1000
21.25,7.667933095945045e-05,7.853047281969339e-05,0.0003057907451875508,-0.028,1000
21.35,8.1428668636363e-05,6.399050471372902e-05,0.00031055466388352215,-0.027,1000
21.45,8.799722854746506e-05,0.000122286903206259,0.0003149870899505913,-0.027,1000
21.55,9.141916234511882e-05,8.481919940095395e-05,0.00031769584165886045,-0.026,1000
21.65,9.050395601661876e-05,4.874588921666145e-05,0.00031903054332360625,0.019,1000
21.75,9.214107558364049e-05,0.000120692522614263,0.0003168322436977178,0.018,1000
21.85,9.073163528228179e-05,7.475011807400733e-05,0.00031426578061655164,0.016,1060
21.95,4.415793955558911e-05,7.391214603558183e-05,0.0003150389820802957,0.014,1160
22.05,-3.3586580684641376e-05,5.6601420510560274e-05,0.0003166578244417906,0.013,1260
22.15,-0.00029213016387075186,-0.00011702181654982269,0.0003159382613375783,0.011,1360
22.25,-0.0006562818889506161,-9.87473176792264e-05,0.00031887300428934395,0.009,1460
22.35,-0.0010776582639664412,-0.00023925642017275095,0.0003198870690539479,0.007,1560
22.45,-0.0015586632071062922,-0.00023761039483360946,0.0003208395792171359,0.005,1660
22.55,-0.002795133274048567,-0.0011584301246330142,0.00032277870923280716,0.004,1760
22.65,-0.005213303025811911,-0.001189815578982234,0.00033063467708416283,0.002,1860
22.75,-0.0080920634791255,0.003263048594817519,0.0003376492823008448,0.001,1960
22.85,-0.009855784475803375,0.01520842406898737,0.00033963038004003465,0.017,2000
22.95,0.013296157121658325,0.9819588661193848,0.00021877457038499415,0.101,2000
23.05,0.47628283500671387,5.581273555755615,-0.0034135831519961357,0.266,2000
23.15,0.9325244426727295,3.2128846645355225,-0.014756050892174244,0.48,2000
23.25,0.9422498941421509,-1.3524538278579712,-0.01642533577978611,0.832,2000
23.35,0.974640965461731,2.0497636795043945,-0.010787132196128368,1.385,2000
23.45,1.3538731336593628,4.124072551727295,-0.010763443075120449,2.309,2000
23.55,1.4765028953552246,2.1730542182922363,3.1408355236053467,3.346,2000
23.65,1.3295557498931885,1.3757741451263428,-3.1408534049987793,4.045,2000
23.75,1.093738317489624,2.986067771911621,3.1325626373291016,4.894,2000
23.85,0.7425879836082458,3.560218572616577,3.062608242034912,5.528,2000
23.95,0.42852136492729187,2.9277868270874023,2.930168867111206,6.422,2000
24.05,0.16984763741493225,2.8052549362182617,2.7429840564727783,6.741,2000
24.15,-0.08748216181993484,3.3426475524902344,2.4933626651763916,6.89,2000
24.25,-0.27507802844047546,3.0373973846435547,2.1409788131713867,6.654,2000
24.35,-0.30613669753074646,2.3705883026123047,1.710060954093933,6.252,2000
24.45,-0.20321708917617798,2.194749355316162,1.2574636936187744,5.697,2000
24.55,-0.06913646310567856,0.76775062084198,0.8317386507987976,4.798,2000
24.65,0.023993805050849915,1.2506052255630493,0.43826019763946533,4.05,2000
24.75,0.16591483354568481,1.5464457273483276,0.10701045393943787,3.985,2000
24.85,0.3205247223377228,1.6309243440628052,-0.11871258914470673,3.877,2000
24.95,0.5305331349372864,2.1189887523651123,-0.21735955774784088,4.056,2000
25.05,0.751046895980835,1.864317536354065,-0.1859910786151886,4.798,2000
25.15,0.9151753187179565,1.3441368341445923,-0.03602614998817444,4.798,2000
25.25,1.027298927307129,1.1005345582962036,0.169208824634552,5.472,2000
25.35,1.1206666231155396,1.019372582435608,0.3705376386642456,6.213,2000
25.45,1.2066044807434082,0.9442800879478455,0.5578567385673523,6.715,2000
25.55,1.2858065366744995,0.8490681648254395,0.7364547848701477,7.324,2000
25.65,1.3607057332992554,0.7385572791099548,0.9082823991775513,7.886,2000
25.75,1.431440830230713,0.5996140241622925,1.0833598375320435,8.411,2000
25.85,1.4970629215240479,0.4149443805217743,1.2929991483688354,8.88,2000
25.95,1.5549288988113403,0.18040624260902405,1.8044934272766113,9.307,2000
26.05,1.5404882431030273,-0.07878630608320236,-1.7213791608810425,9.678,2000
26.15,1.519357442855835,-0.30414462089538574,-1.2189034223556519,10.004,2000
26.25,1.4930763244628906,-0.5459957718849182,-0.6344708800315857,10.274,2000
26.35,1.426059603691101,-0.9631983637809753,-0.22595368325710297,10.503,2000
26.45,1.2929531335830688,-1.6385164260864258,-0.05824770778417587,10.683,2000
26.55,1.0782899856567383,-2.456242561340332,-0.005013389512896538,10.825,2000
26.65,0.7923852801322937,-3.0607235431671143,0.009285000152885914,10.918,2000
26.75,0.44738346338272095,-3.7335762977600098,0.00834126491099596,10.965,2000
26.85,0.005273583810776472,-4.92578125,-0.009882977232336998,10.945,2000
26.95,-0.5753975510597229,-6.366317272186279,-0.08251212537288666,10.848,2000
27.05,-1.2102577686309814,-7.001104354858398,-0.5527206659317017,10.647,2000
27.15,-1.0738193988800049,-6.415294170379639,-2.4151077270507812,10.32,2000
27.25,-0.5052945613861084,-5.058553218841553,-2.6577844619750977,9.853,2000
27.35,-0.010913031175732613,-4.227283477783203,-2.6840128898620605,9.241,2000
27.45,0.50263911485672,-4.8614397048950195,-2.6735968589782715,8.855,2000
27.55,1.094133734703064,-5.62276029586792,-2.6197280883789062,8.41,2000
27.65,1.4356119632720947,-5.415691375732422,-0.0565091073513031,8.051,2000
27.75,0.8148953914642334,-6.6813178062438965,0.16206450760364532,7.786,2000
27.85,0.08850063383579254,-7.714183807373047,0.045451413840055466,7.596,2000
27.95,-0.8448660969734192,-9.83653736114502,-0.17696616053581238,7.356,2000
28.05,-1.2472236156463623,-6.180580139160156,-1.7496984004974365,7.142,2000
28.15,-1.027692198753357,-1.8658479452133179,-2.3639299869537354,6.759,2000
28.25,-1.0927231311798096,2.026962995529175,-2.231374979019165,6.347,2000
28.35,-1.2116076946258545,5.895854949951172,-1.048734426498413,5.651,2000
28.45,-0.5102199912071228,9.879316329956055,-0.22971811890602112,4.871,2000
28.55,0.3111936151981354,5.584175109863281,-0.10493192821741104,4.192,2000
28.65,0.5039374828338623,0.1778474897146225,-0.058355607092380524,3.654,2000
28.75,0.33100467920303345,-2.772657632827759,-0.037081457674503326,2.977,2000
28.85,-0.023412873968482018,-3.561422348022461,-0.026645857840776443,2.977,2000
28.95,-0.24450230598449707,-1.1477130651474,-0.019408561289310455,2.528,2000
29.05,-0.19491346180438995,1.4360378980636597,-0.017374029383063316,2.138,2000
29.15,0.03853124752640724,2.6690680980682373,-0.019073471426963806,1.641,2000
29.25,0.267305850982666,1.785213828086853,-0.017840426415205002,1.306,2000
29.35,0.3358670771121979,0.011762881651520729,-0.010277322493493557,0.907,2000
29.45,0.2713985741138458,-0.904843807220459,-0.001625924720428884,0.475,2000
29.55,0.19244059920310974,-0.5958036184310913,0.004391510505229235,0.203,2000
29.65,0.18154512345790863,0.19925935566425323,0.008444899693131447,-0.127,2000
29.75,0.07659357041120529,-0.9267977476119995,0.0067309127189219,-0.456,2000
29.85,0.024501627311110497,-0.34087517857551575,0.005579617340117693,-0.618,2000
29.95,0.005282212980091572,-0.1252683401107788,0.004907365422695875,-0.575,2000
30.05,-0.0019280756823718548,-0.046097781509160995,0.004372843075543642,-0.476,2000
30.15,-0.004637837875634432,-0.017028875648975372,0.003900401759892702,-0.405,2000
30.25,-0.0052693504840135574,-0.00036359531804919243,0.00344590051099658,-0.404,2000
30.35,-0.004659557715058327,0.00793784111738205,0.0030250393319875,-0.413,2000
30.45,-0.0033248018007725477,0.012796911410987377,0.0026034510228782892,-0.406,2000
30.55,-0.0015309072332456708,0.016409700736403465,0.002146429382264614,-0.377,2000
30.65,0.0005565693718381226,0.019360333681106567,0.0017171335639432073,-0.327,2000
30.75,0.002945792628452182,0.021796196699142456,0.0012968976516276598,-0.273,2000
30.85,0.0055010574869811535,0.022792430594563484,0.0009289515437558293,-0.194,2000
30.95,0.00046490097884088755,-0.0545056015253067,0.0006309521850198507,-0.194,2000
31.05,-0.002267286414280534,-0.020099516957998276,0.00038379133911803365,-0.179,2000
31.15,-0.0030656082089990377,-0.007304031867533922,0.0001782458566594869,-0.186,2000
31.25,-0.0031788505148142576,-0.002632207004353404,-1.9374963812879287e-05,-0.19,2000
31.35,-0.0030611115507781506,-0.0008567582117393613,-0.0002189153165090829,-0.191,2000
31.45,-0.002894309116527438,-0.0002274228900205344,-0.00040832217200659215,-0.186,2000
31.55,-0.002737608505412936,-1.1761731002479792e-06,-0.000594023265875876,-0.18,2000
31.65,-0.0026092983316630125,0.00012216524919494987,-0.0007625205325894058,-0.175,2000
31.75,-0.002509219339117408,0.00016557419439777732,-0.0009260562947019935,-0.171,2000
31.85,-0.002428967971354723,0.000161506119184196,-0.0010741257574409246,-0.166,2000
31.95,-0.002370335627347231,0.00017684357590042055,-0.0012029905337840319,-0.161,2000
32.05,-0.0023238942958414555,0.00012719861115328968,-0.001322079449892044,-0.155,2000
32.15,-0.002292331075295806,0.00019925678498111665,-0.0014296246226876974,-0.149,2000
32.25,-0.002277479972690344,0.000228310062084347,-0.001529550296254456,-0.145,2000
32.35,-0.002284059999510646,0.00015937420539557934,-0.0016232267953455448,-0.14,2000
32.45,-0.002300772350281477,0.00014925398863852024,-0.0017085684230551124,-0.137,2000
32.55,-0.002331893425434828,0.0001724914473015815,-0.001785385305993259,-0.132,2000
32.65,-0.0023711388930678368,0.0001607766025699675,-0.0018547966610640287,-0.127,2000
32.75,-0.0024051214568316936,0.0001687156909611076,-0.0019189545419067144,-0.12,2000
32.85,-0.0024391671176999807,0.00018305840785615146,-0.0019808760844171047,-0.117,2000
32.95,-0.002477476838976145,9.222174412570894e-05,-0.002034352859482169,-0.112,2000
33.05,-0.0025267424061894417,0.0001249194028787315,-0.0020800514612346888,-0.109,2000
33.15,-0.002597423503175378,6.773511995561421e-05,-0.002117597032338381,-0.105,2000
33.25,-0.0026696810964494944,0.00013543618842959404,-0.0021496617700904608,-0.102,2000
33.35,-0.002754878019914031,0.000133641209686175,-0.0021727143321186304,-0.099,2000
33.45,-0.0028340520802885294,0.00013124156976118684,-0.0021900800056755543,-0.094,2000
33.55,-0.0029072300530970097,8.157375850714743e-05,-0.0022041259799152613,-0.09,2000
33.65,-0.0029847081750631332,8.438032818958163e-05,-0.002210780279710889,-0.087,2000
33.75,-0.003056627232581377,9.980722097679973e-05,-0.0022151446901261806,-0.085,2000
33.85,-0.003134555881842971,0.00010528115672059357,-0.002216781722381711,-0.082,2000
33.95,-0.0032330509275197983,4.3848209315910935e-05,-0.0022119765635579824,-0.079,2000
34.05,-0.0033265443053096533,5.488906754180789e-05,-0.00220881006680429,-0.076,2000
34.15,-0.0034320743288844824,5.225400673225522e-05,-0.00220334529876709,-0.072,2000
34.25,-0.003530958667397499,3.4503580536693335e-05,-0.00220138905569911,-0.069,2000
34.35,-0.003637263085693121,3.915969864465296e-05,-0.0021959124132990837,-0.065,2000
34.45,-0.0037395567633211613,1.902910298667848e-05,-0.0021929298527538776,-0.06,2000
34.55,-0.003830979811027646,-2.221376053057611e-05,-0.002188436919823289,-0.056,2000
34.65,-0.003916916437447071,-3.325592842884362e-05,-0.0021841905545443296,-0.052,2000
34.75,-0.003993922378867865,-2.827253774739802e-05,-0.002184744458645582,-0.047,2000
34.85,-0.0040737357921898365,4.305219044908881e-05,-0.0021848685573786497,-0.041,2000
34.95,-0.004175638779997826,-7.857161108404398e-06,-0.002175227738916874,-0.035,2000
35.05,-0.004276270978152752,-2.9620539862662554e-05,-0.0021627903915941715,-0.029,2000
35.15,-0.004389696754515171,-6.248298450373113e-05,-0.002138889627531171,-0.023,2000
35.25,-0.004497419111430645,-2.291926648467779e-05,-0.0021144573111087084,-0.019,2000
35.35,-0.0045923092402517796,-9.821320418268442e-05,-0.00209537404589355,-0.014,2000
35.45,-0.004675598349422216,-2.4846289306879044e-05,-0.0020800523925572634,-0.01,2000
35.55,-0.00475112022832036,-4.9395894166082144e-05,-0.0020680285524576902,-0.006,2000
35.65,-0.004827321041375399,8.189002983272076e-06,-0.002056346507743001,-0.002,2000
35.75,-0.0049195000901818275,-6.019813008606434e-05,-0.0020408809650689363,0.0,2000
35.85,-0.005012302193790674,-9.318883530795574e-05,-0.00202716956846416,0.003,2000
35.95,-0.0051126242615282536,-8.543545845896006e-05,-0.002007200615480542,0.008,2000
36.05,-0.0052042133174836636,-1.8347986042499542e-05,-0.0019899364560842514,0.011,2000
36.15,-0.005285958293825388,-9.155931184068322e-05,-0.0019769167993217707,0.014,2000
36.25,-0.005363818723708391,-0.00010217342060059309,-0.0019659653771668673,0.016,2000
36.35,-0.005428786855190992,-9.020534344017506e-05,-0.0019564286340028048,0.016,2000
36.45,-0.005493129603564739,-7.819640450179577e-05,-0.0019411251414567232,0.017,2000
36.55,-0.005572831258177757,-0.00010030897101387382,-0.001922315452247858,0.017,2000
36.65,-0.005654346663504839,-5.3299765568226576e-05,-0.0019066045060753822,0.017,2000
36.75,-0.0057454160414636135,-0.00012388109462335706,-0.0018821661360561848,0.018,2000
36.85,-0.005827014334499836,-3.906642086803913e-05,-0.001862818724475801,0.018,2000
36.95,-0.005913143511861563,-8.964026346802711e-05,-0.0018401661654934287,0.018,2000
37.05,-0.005989421624690294,-6.442354060709476e-05,-0.0018241882789880037,0.019,2000
37.15,-0.006047077011317015,-7.294880924746394e-05,-0.0018160908948630095,0.02,2000
37.25,-0.006093225907534361,-0.00016174156917259097,-0.001815934432670474,0.023,2000
37.35,-0.006125623360276222,-9.279296500608325e-05,-0.001816855976358056,0.025,2000
37.45,-0.006153259892016649,-0.00010408699745312333,-0.0018233850132673979,0.026,2000
37.55,-0.006191739346832037,-0.0001241574645973742,-0.001821797457523644,0.027,2000
37.65,-0.006242251954972744,-0.0001705558388493955,-0.0018137968145310879,0.028,2000
37.75,-0.006294053513556719,-0.00011423497926443815,-0.0018010145286098123,0.029,2000
37.85,-0.006343827582895756,-0.00016124173998832703,-0.0017917652148753405,0.031,2000
37.95,-0.006380427163094282,-0.00013462186325341463,-0.001783581916242838,0.031,2000
38.05,-0.006402493454515934,-0.0001207576715387404,-0.0017759910551831126,0.031,2000
38.15,-0.0064179846085608006,-0.00013295450480654836,-0.001773511990904808,0.032,2000
38.25,-0.006424606777727604,-0.00012890726793557405,-0.0017696194117888808,0.033,2000
38.35,-0.006443879567086697,-0.0001262437435798347,-0.0017564069712534547,0.033,2000
38.45,-0.006467485334724188,-0.0001275831600651145,-0.0017438416834920645,0.032,2000
38.55,-0.006496932357549667,-5.765032256022096e-05,-0.0017265520291402936,0.03,2000
38.65,-0.006527360063046217,-0.0001036312896758318,-0.0017122684512287378,0.029,2000
38.75,-0.006543856579810381,-0.00012994115240871906,-0.0017044530250132084,0.028,2000
38.85,-0.006546672899276018,-0.00014571903739124537,-0.00170326663646847,0.026,2000
38.95,-0.006538026500493288,-6.103533087298274e-05,-0.0017021151725202799,0.024,2000
39.05,-0.006525224540382624,-7.822515908628702e-05,-0.001700365450233221,0.022,2000
39.15,-0.006527620833367109,-0.00012088974472135305,-0.0016911019338294864,0.021,2000
39.25,-0.006536845583468676,-3.226357512176037e-05,-0.0016819825395941734,0.021,2000
39.35,-0.006554014049470425,-0.00013184355339035392,-0.001673877122811973,0.02,2000
39.45,-0.006568985991179943,-7.162446854636073e-05,-0.0016682710265740752,0.019,2000
39.55,-0.006583103910088539,-6.930658128112555e-05,-0.001658764318563044,0.018,2000
39.65,-0.006597393658012152,-0.00012040854198858142,-0.0016513230511918664,0.017,2000
39.75,-0.00659629562869668,-7.91374477557838e-05,-0.0016459885518997908,0.017,2000
39.85,-0.006580595392733812,-9.47934458963573e-05,-0.001643608440645039,0.018,2000
39.95,-0.0065535446628928185,-3.2164622098207474e-05,-0.0016449680551886559,0.019,2000
40.05,-0.006517060101032257,-0.0001056458568200469,-0.0016422660555690527,0.02,2000
40.15,-0.006490238010883331,-4.293763777241111e-05,-0.0016351660015061498,0.02,2000
40.25,-0.006479090079665184,-7.696356624364853e-05,-0.0016273142537102103,0.02,2000
40.35,-0.0064793601632118225,-7.171492325142026e-05,-0.001621195231564343,0.021,2000
40.45,-0.0064833760261535645,-3.7277815863490105e-05,-0.0016179607482627034,0.021,2000
40.55,-0.006478370167315006,-2.408475847914815e-05,-0.0016174494521692395,0.021,2000
40.65,-0.006461286451667547,-9.11749666556716e-05,-0.001614786684513092,0.02,2000
40.75,-0.006433408707380295,-2.3275555577129126e-05,-0.0016140888910740614,0.019,2000
40.85,-0.00639630202203989,-9.178824257105589e-06,-0.0016124092508107424,0.018,2000
40.95,-0.006367401219904423,-5.473900819197297e-05,-0.0016090584686025977,0.018,2000
41.05,-0.006349548697471619,3.6142533645033836e-05,-0.0016063520452007651,0.019,2000
41.15,-0.006342652253806591,-3.465497866272926e-05,-0.0015992730623111129,0.021,2000
41.25,-0.0063387067057192326,-1.091277226805687e-05,-0.001591538661159575,0.021,2000
41.35,-0.006327066104859114,-2.978486008942127e-07,-0.0015832764329388738,0.021,2000
41.45,-0.006300239358097315,-3.8017635233700275e-05,-0.0015722737880423665,0.021,2000
41.55,-0.00626143254339695,-4.282908048480749e-05,-0.0015665601240471005,0.021,2000
41.65,-0.006216859444975853,-5.2423449233174324e-05,-0.0015588848618790507,0.019,2000
41.75,-0.0061833299696445465,-5.2077637519687414e-05,-0.0015499951550737023,0.02,2000
41.85,-0.006165643688291311,-9.383325232192874e-05,-0.001543352147564292,0.021,2000
41.95,-0.006153089459985495,-1.3158947695046663e-05,-0.0015356201911345124,0.021,2000
42.05,-0.00614943727850914,-2.615863922983408e-05,-0.0015280656516551971,0.023,2000
42.15,-0.0061501325108110905,-1.0036572348326445e-05,-0.00152163440361619,0.025,2000
42.25,-0.006154174450784922,-1.0072719305753708e-05,-0.0015122981276363134,0.03,2000
42.35,-0.00614872295409441,2.022727858275175e-05,-0.0015074730617925525,0.035,2000
42.45,-0.006126393098384142,8.462229743599892e-06,-0.0015043588355183601,0.037,2000
42.55,-0.006090453360229731,-4.002463538199663e-05,-0.0015033497475087643,0.039,2000
42.65,-0.006045034620910883,5.660852184519172e-05,-0.0015010349452495575,0.039,2000
42.75,-0.006010593846440315,-6.186077371239662e-05,-0.0014928940217942,0.041,2000
42.85,-0.0059892358258366585,-3.8538710214197636e-05,-0.0014870001468807459,0.04,2000
42.95,-0.005976302549242973,-9.352108463644981e-06,-0.0014735457953065634,0.039,2000
43.05,-0.005971851758658886,-2.5884772185236216e-05,-0.0014581726863980293,0.039,2000
43.15,-0.005961194168776274,2.2114894818514585e-05,-0.001445378758944571,0.039,2000
43.25,-0.005942147690802813,-1.9027909729629755e-05,-0.0014315800508484244,0.042,2000
43.35,-0.005913815926760435,6.6695502027869225e-06,-0.0014256656868383288,0.045,2000
43.45,-0.005874915514141321,2.0717387087643147e-05,-0.0014204079052433372,0.047,2000
43.55,-0.005845292471349239,6.487464997917414e-05,-0.001414793892763555,0.05,2000
43.65,-0.005831953603774309,-3.7275662180036306e-05,-0.0014098880346864462,0.054,2000
43.75,-0.005823573563247919,8.265528595075011e-05,-0.0014041302492842078,0.056,2000
43.85,-0.0058264401741325855,1.9934901501983404e-05,-0.0013965339167043567,0.058,2000
43.95,-0.005818263627588749,5.267583765089512e-05,-0.0013914520386606455,0.062,2000
44.05,-0.005791850853711367,8.01432179287076e-05,-0.001385551760904491,0.063,2000
44.15,-0.0057576182298362255,5.4624571930617094e-05,-0.0013753988314419985,0.065,2000
44.25,-0.005711971782147884,4.157016519457102e-05,-0.0013676111120730639,0.066,2000
44.35,-0.005682903341948986,1.4508725143969059e-05,-0.0013534498866647482,0.067,2000
44.45,-0.005663610529154539,3.0066119506955147e-05,-0.0013426903169602156,0.068,2000
44.55,-0.005657599773257971,3.416388062760234e-05,-0.0013277482939884067,0.069,2000
44.65,-0.005659142043441534,-2.6703928597271442e-06,-0.0013146065175533295,0.07,2000
44.75,-0.005661374423652887,1.6470730770379305e-05,-0.0013016217853873968,0.07,2000
44.85,-0.005657002329826355,2.763321390375495e-05,-0.001290430431254208,0.068,2000
44.95,-0.005644936114549637,5.17525477334857e-05,-0.001281317207030952,0.068,2000
45.05,-0.0056200576946139336,8.632888784632087e-05,-0.0012773815542459488,0.069,2000
45.15,-0.005589540582150221,6.090890383347869e-05,-0.0012737493962049484,0.072,2000
45.25,-0.005547415465116501,4.38150018453598e-05,-0.0012728080619126558,0.073,2000
45.35,-0.005519165191799402,4.024722147732973e-05,-0.0012693669414147735,0.074,2000
45.45,-0.005504409316927195,6.414816016331315e-05,-0.0012635014718398452,0.075,2000
45.55,-0.005494745913892984,0.00012881949078291655,-0.0012516591232270002,0.075,2000
45.65,-0.005488139111548662,3.692839527502656e-05,-0.0012432473013177514,0.074,2000
45.75,-0.005477536004036665,7.348664803430438e-05,-0.0012319578090682626,0.074,2000
45.85,-0.005455656908452511,0.00010910897981375456,-0.0012252152664586902,0.074,2000
45.95,-0.005429002456367016,0.00011602259473875165,-0.0012151310220360756,0.075,2000
46.05,-0.0053969514556229115,6.191543070599437e-05,-0.0012079539010301232,0.073,2000
46.15,-0.005374591797590256,0.00010029057739302516,-0.0011981591815128922,0.071,2000
46.25,-0.005369653459638357,8.290191181004047e-05,-0.0011861526872962713,0.069,2000
46.35,-0.005370148923248053,8.92758253030479e-05,-0.001175619545392692,0.066,2000
46.45,-0.005374030210077763,0.00010141817620024085,-0.0011638774303719401,0.065,2000
46.55,-0.005372234154492617,6.052450044080615e-05,-0.001156594487838447,0.063,2000
46.65,-0.005353474989533424,0.00010206119623035192,-0.0011500073596835136,0.061,2000
46.75,-0.005328796338289976,0.00010823085904121399,-0.0011497335508465767,0.059,2000
46.85,-0.005296760704368353,8.836539927870035e-05,-0.001146513968706131,0.058,2000
46.95,-0.005275527015328407,0.0001571654574945569,-0.0011406202102079988,0.058,2000
47.05,-0.005261668004095554,0.00011997274123132229,-0.0011329589178785682,0.058,2000
47.15,-0.005259463097900152,0.00012458633864298463,-0.0011245824862271547,0.057,2000
47.25,-0.0052606165409088135,0.0001420082408003509,-0.0011167451739311218,0.056,2000
47.35,-0.005270028952509165,3.6792189348489046e-05,-0.0011037003714591265,0.057,2000
47.45,-0.00527918990701437,9.877514094114304e-05,-0.0010935376631096005,0.057,2000
47.55,-0.005276295822113752,9.859353303909302e-05,-0.0010834934655576944,0.057,2000
47.65,-0.005256089847534895,0.0001558761578053236,-0.001077814493328333,0.056,2000
47.75,-0.005228967871516943,0.00014903547707945108,-0.001070022233761847,0.055,2000
47.85,-0.005199510138481855,0.00013914424926042557,-0.0010590000310912728,0.055,2000
47.95,-0.005181387532502413,9.266962297260761e-05,-0.0010486316168680787,0.055,2000
48.05,-0.005175231024622917,0.00010663626017048955,-0.001036310801282525,0.057,2000
48.15,-0.0051773302257061005,0.00013901962665840983,-0.001027057645842433,0.057,2000
48.25,-0.0051816245540976524,9.281787788495421e-05,-0.001020255615003407,0.057,2000
48.35,-0.005179326515644789,7.901986828073859e-05,-0.0010129095753654838,0.056,2000
48.45,-0.0051661147736012936,0.00013643852435052395,-0.0010073221055790782,0.054,2000
48.55,-0.005144934635609388,9.963143384084105e-05,-0.0010011909762397408,0.054,2000
48.65,-0.005119956564158201,0.00011728232493624091,-0.0009972603293135762,0.054,2000
48.75,-0.005107249598950148,0.00013096019392833114,-0.0009913586545735598,0.053,2000
48.85,-0.005104287061840296,0.00011342979269102216,-0.000987665611319244,0.053,2000
48.95,-0.005107535049319267,0.00012869166675955057,-0.0009816171368584037,0.053,2000
49.05,-0.005111832171678543,0.00014654919505119324,-0.0009737014188431203,0.051,2000
49.15,-0.0051117525435984135,0.0001262843725271523,-0.0009663093951530755,0.051,2000
49.25,-0.005101911723613739,0.00015927187632769346,-0.0009570383699610829,0.052,2000
49.35,-0.005085920915007591,0.00013550423318520188,-0.0009516266291029751,0.054,2000
49.45,-0.005065692588686943,7.697026012465358e-05,-0.0009422393050044775,0.055,2000
49.55,-0.005053029861301184,0.00010479340562596917,-0.0009315237402915955,0.055,2000
49.65,-0.0050512454472482204,7.432763231918216e-05,-0.0009243800304830074,0.055,2000
49.75,-0.005054740235209465,9.042891906574368e-05,-0.0009155527222901583,0.053,2000
49.85,-0.005058972164988518,0.00013629766181111336,-0.0009104103082790971,0.052,2000
49.95,-0.005066365469247103,0.00015949842054396868,-0.0009027902851812541,0.051,2000
50.05,-0.0050776260904967785,0.00010788452345877886,-0.0008965836022980511,0.052,2000
50.15,-0.005077685695141554,0.00017760996706783772,-0.0008903022389858961,0.053,2000
50.25,-0.005066446959972382,0.00017406069673597813,-0.0008859324734658003,0.055,2000
50.35,-0.005047195125371218,0.0002228270168416202,-0.0008817739435471594,0.055,2000
50.45,-0.00502004474401474,0.00019557075574994087,-0.0008802161901257932,0.055,2000
50.55,-0.005008619278669357,0.00014690234092995524,-0.0008786654216237366,0.054,2000
50.65,-0.005006527062505484,0.00019623187836259604,-0.000870254822075367,0.054,2000
50.75,-0.005012052599340677,0.00016421318287029862,-0.0008599211578257382,0.054,2000
50.85,-0.005022101569920778,0.00014509534230455756,-0.0008492212509736419,0.053,2000
50.95,-0.005024382844567299,0.00015158089809119701,-0.0008381964871659875,0.054,2000
51.05,-0.005016720853745937,0.00014685059431940317,-0.0008287553209811449,0.054,2000
51.15,-0.005001633893698454,8.477526716887951e-05,-0.0008200152078643441,0.055,2000
51.25,-0.0049830651842057705,0.00016634876374155283,-0.0008133478695526719,0.057,2000
51.35,-0.0049758912064135075,0.00014189764624461532,-0.000809851277153939,0.06,2000
51.45,-0.004976972937583923,0.00014839274808764458,-0.00080571707803756,0.063,2000
51.55,-0.004988405853509903,0.00018785439897328615,-0.0008039813837967813,0.066,2000
51.65,-0.004999978933483362,0.0001825137878768146,-0.0008004601113498211,0.068,2000
51.75,-0.005006668157875538,0.00014645315241068602,-0.0007937010959722102,0.07,2000
51.85,-0.0050036972388625145,0.00020131963538005948,-0.0007898238836787641,0.071,2000
51.95,-0.004992648493498564,0.00013577245408669114,-0.0007893577567301691,0.072,2000
52.05,-0.004974074196070433,0.000135908427182585,-0.000788942794315517,0.071,2000
52.15,-0.004963476676493883,0.00012033694656565785,-0.0007856183801777661,0.069,2000
52.25,-0.0049618445336818695,0.0001760470331646502,-0.0007861608755774796,0.066,2000
52.35,-0.004968566820025444,0.0001552974572405219,-0.0007781750173307955,0.064,2000
52.45,-0.00497730728238821,0.0002261195913888514,-0.0007661444833502173,0.062,2000
52.55,-0.004988338332623243,0.00020454259356483817,-0.0007542009116150439,0.06,2000
52.65,-0.004996447823941708,0.000140319112688303,-0.000741661642678082,0.059,2000
52.75,-0.004991804249584675,0.00020908040460199118,-0.0007316267001442611,0.057,2000
52.85,-0.004973458591848612,0.00015451718354597688,-0.0007260502898134291,0.055,2000
52.95,-0.004952320829033852,0.00020411884179338813,-0.0007239613332785666,0.053,2000
53.05,-0.004927529953420162,0.00017319247126579285,-0.0007255065720528364,0.051,2000
53.15,-0.004912088625133038,0.00013434822903946042,-0.0007221205160021782,0.049,2000
53.25,-0.0049074250273406506,0.00017969682812690735,-0.0007172313053160906,0.046,2000
53.35,-0.004913139156997204,0.00022935657761991024,-0.0007127862190827727,0.045,2000
53.45,-0.004921080078929663,0.00020080443937331438,-0.0007071035215631127,0.045,2000
53.55,-0.004923185333609581,0.00016662542475387454,-0.0006991523550823331,0.047,2000
53.65,-0.004914829973131418,0.00014136085519567132,-0.0006947933579795063,0.048,2000
53.75,-0.004901133012026548,0.0001712192315608263,-0.0006848929915577173,0.049,2000
53.85,-0.004882465582340956,0.00018818496027961373,-0.0006804032018408179,0.051,2000
53.95,-0.004873713944107294,0.00017661700258031487,-0.0006726664723828435,0.052,2000
54.05,-0.004874916281551123,0.00019162485841661692,-0.000664036488160491,0.051,2000
54.15,-0.004883514251559973,0.000158217444550246,-0.0006567268283106387,0.05,2000
54.25,-0.00489244656637311,0.00018253730377182364,-0.0006530024111270905,0.048,2000
54.35,-0.004891294986009598,0.00021201028721407056,-0.0006484741461463273,0.046,2000
54.45,-0.00488278130069375,0.00019944104133173823,-0.0006473902612924576,0.043,2000
54.55,-0.0048665194772183895,0.0001474216696806252,-0.0006467960774898529,0.043,2000
54.65,-0.004846139345318079,0.00023380678612738848,-0.0006487702485173941,0.044,2000
54.75,-0.004836551379412413,0.00021241622744128108,-0.0006486872443929315,0.045,2000
54.85,-0.004835681989789009,0.00020209286594763398,-0.0006430650246329606,0.046,2000
54.95,-0.004843732342123985,0.0001846143277361989,-0.0006386364111676812,0.047,2000
55.05,-0.0048520234413445,0.00019061635248363018,-0.0006313753547146916,0.049,2000
55.15,-0.004862884990870953,0.0002310420386493206,-0.0006250175647437572,0.049,2000
55.25,-0.0048715947195887566,0.00016652728663757443,-0.0006153698195703328,0.049,2000
55.35,-0.004871718119829893,0.00019680929835885763,-0.000606604153290391,0.051,2000
55.45,-0.004855171777307987,0.00020909670274704695,-0.000600782164838165,0.051,2000
55.55,-0.004834519233554602,0.00019671471090987325,-0.0005952492356300354,0.05,2000
55.65,-0.004811618942767382,0.000206249940674752,-0.0005896725924685597,0.049,2000
55.75,-0.004797034896910191,0.00024389737518504262,-0.0005866397405043244,0.049,2000
55.85,-0.004794424865394831,0.00014050607569515705,-0.0005769618437625468,0.047,2000
55.95,-0.0048032221384346485,0.00017637317068874836,-0.0005710140103474259,0.047,2000
56.05,-0.004811378195881844,0.00022016128059476614,-0.0005659604794345796,0.046,2000
56.15,-0.0048134950920939445,0.0001947302371263504,-0.0005600842996500432,0.047,2000
56.25,-0.004809380508959293,0.00018441269639879465,-0.0005563252489082515,0.048,2000
56.35,-0.004798842594027519,0.00017996050883084536,-0.0005526532768271863,0.049,2000
56.45,-0.004782895557582378,0.0002257642918266356,-0.0005461896653287113,0.05,2000
56.55,-0.004774320870637894,0.000262789661064744,-0.0005443758564069867,0.051,2000
56.65,-0.004773745778948069,0.0001647931057959795,-0.0005454911151900887,0.05,2000
56.75,-0.004781763534992933,0.00023547804448753595,-0.0005429007578641176,0.05,2000
56.85,-0.0047932337038218975,0.0002521906280890107,-0.0005363583914004266,0.05,2000
56.95,-0.0047967457212507725,0.00021785148419439793,-0.0005329853156581521,0.052,2000
57.05,-0.004793032072484493,0.0001321170129813254,-0.0005297635798342526,0.053,2000
57.15,-0.004781907889991999,0.000199695467017591,-0.0005253441631793976,0.053,2000
57.25,-0.004769688006490469,0.00017682334873825312,-0.0005199743900448084,0.053,2000
57.35,-0.004768164362758398,0.00022940576309338212,-0.000515910389367491,0.055,2000
57.45,-0.004777094814926386,0.00019792478997260332,-0.000511664489749819,0.055,2000
57.55,-0.0047911680303514,0.0001941999071277678,-0.0005108194309286773,0.053,2000
57.65,-0.004802205599844456,0.00019824504852294922,-0.000509598758071661,0.051,2000
57.75,-0.0048173158429563046,0.00021667376859113574,-0.0005074534565210342,0.049,2000
57.85,-0.004830907564610243,0.00022348633501678705,-0.0005034509813413024,0.047,2000
57.95,-0.0048300400376319885,0.0002038468373939395,-0.0004964584950357676,0.044,2000
58.05,-0.004816779401153326,0.00021251634461805224,-0.0004908515838906169,0.041,2000
58.15,-0.004797595553100109,0.00023217062698677182,-0.00048634930863045156,0.038,2000
58.25,-0.004778065253049135,0.000207295932341367,-0.0004847335512749851,0.036,2000
58.35,-0.00476934714242816,0.0002638463629409671,-0.00048331767902709544,0.035,2000
58.45,-0.0047679184935987,0.00018338666995987296,-0.0004810970858670771,0.035,2000
58.55,-0.004777872934937477,0.0002510685590095818,-0.0004767055215779692,0.035,2000
58.65,-0.004790104925632477,0.00024999637389555573,-0.00046764625585637987,0.033,2000
58.75,-0.0047920518554747105,0.00024869543267413974,-0.00046067425864748657,0.031,2000
58.85,-0.004788713064044714,0.0001497037010267377,-0.0004537178610917181,0.03,2000
58.95,-0.004777842666953802,0.0002567844348959625,-0.00044528732541948557,0.03,2000
59.05,-0.004761128220707178,0.00025381456362083554,-0.00044377142330631614,0.031,2000
59.15,-0.004752228036522865,0.00023383210645988584,-0.0004435928713064641,0.032,2000
59.25,-0.004746145103126764,0.00020748632960021496,-0.0004428001993801445,0.031,2000
59.35,-0.004748836159706116,0.0002629893715493381,-0.0004408153472468257,0.03,2000
59.45,-0.004758182447403669,0.00018631602870300412,-0.00043791334610432386,0.029,2000
59.55,-0.004761588294059038,0.0001908524427562952,-0.0004329885705374181,0.028,2000
59.65,-0.004754486493766308,0.00024635379668325186,-0.00043092953274026513,0.028,2000
59.75,-0.004741215612739325,0.0002249945537187159,-0.0004301941371522844,0.027,2000
59.85,-0.004722305107861757,0.00028844084590673447,-0.0004333659016992897,0.027,2000
59.95,-0.004713775124400854,0.0002493016072548926,-0.0004330983792897314,0.027,2000
60.05,-0.004716851748526096,0.0001994919148273766,-0.00043077775626443326,0.027,2000
60.15,-0.004728080239146948,0.0002482560812495649,-0.00042626052163541317,0.028,2000
60.25,-0.004739824682474136,0.00022294255904853344,-0.00041707773925736547,0.028,2000
60.35,-0.0047524417750537395,0.00023388577392324805,-0.0004083613748662174,0.028,2000
60.45,-0.004761777352541685,0.00023171352222561836,-0.0004006194940302521,0.026,2000
60.55,-0.004758387338370085,0.0002870579482987523,-0.0003949270467273891,0.026,2000
60.65,-0.004747109953314066,0.00025408290093764663,-0.00039100064896047115,0.026,2000
60.75,-0.004727382678538561,0.0002713953726924956,-0.00038956000935286283,0.025,2000
60.85,-0.004706336185336113,0.00022399035515263677,-0.000390985602280125,0.025,2000
60.95,-0.0046964725479483604,0.0002369045396335423,-0.00039047241443768144,0.025,2000
61.05,-0.004697717260569334,0.00028609164291992784,-0.00038883398519828916,0.025,2000
61.15,-0.004705305211246014,0.0002243838389404118,-0.0003866561164613813,0.025,2000
61.25,-0.004715512041002512,0.0002589490613900125,-0.00038119909004308283,0.025,2000
61.35,-0.004718440119177103,0.00028914737049490213,-0.00037895850255154073,0.026,2000
61.45,-0.004711183253675699,0.00023085909197106957,-0.0003823262231890112,0.026,2000
61.55,-0.004699896089732647,0.00024090020451694727,-0.00038120875251479447,0.028,2000
61.65,-0.0046871076337993145,0.000266177870798856,-0.0003816103271674365,0.03,2000
61.75,-0.0046835727989673615,0.00024920771829783916,-0.0003795339143835008,0.032,2000
61.85,-0.00468782801181078,0.00019528588745743036,-0.0003723903209902346,0.032,2000
61.95,-0.0046958052553236485,0.0003174189478158951,-0.00036622927291318774,0.032,2000
62.05,-0.004703840706497431,0.00023930013412609696,-0.00035685664624907076,0.031,2000
62.15,-0.004706006497144699,0.00022684287978336215,-0.0003495768760330975,0.032,2000
62.25,-0.004698700737208128,0.0002536128740757704,-0.0003428730124142021,0.034,2000
62.35,-0.00468606548383832,0.00027010415215045214,-0.0003396133834030479,0.036,2000
62.45,-0.004669886082410812,0.00020726141519844532,-0.0003383503353688866,0.038,2000
62.55,-0.004662192892283201,0.0002662119804881513,-0.00034024406340904534,0.04,2000
62.65,-0.0046617621555924416,0.00029367738170549273,-0.00033806735882535577,0.042,2000
62.75,-0.0046689813025295734,0.00026158493710681796,-0.0003374389198143035,0.043,2000
62.85,-0.0046783494763076305,0.00022181071108207107,-0.0003342473937664181,0.042,2000
62.95,-0.004688925575464964,0.00027511431835591793,-0.00033146998612210155,0.042,2000
63.05,-0.0046982429921627045,0.00023029738804325461,-0.000325270026223734,0.04,2000
63.15,-0.004698309116065502,0.0002519735135138035,-0.00032149406615644693,0.038,2000
63.25,-0.004688610788434744,0.00029097957303747535,-0.0003189190465491265,0.038,2000
63.35,-0.004681003745645285,0.00018136680591851473,-0.000313589844154194,0.038,2000
63.45,-0.004667997360229492,0.00027539103757590055,-0.0003118863678537309,0.037,2000
63.55,-0.004665990360081196,0.0002889751340262592,-0.0003113903512712568,0.036,2000
63.65,-0.00467014079913497,0.0002549021737650037,-0.0003083807823713869,0.035,2000
63.75,-0.004681784193962812,0.00027561368187889457,-0.00030868849717080593,0.033,2000
63.85,-0.004692911636084318,0.000256562780123204,-0.00030920025892555714,0.031,2000
63.95,-0.004696580581367016,0.00024016411043703556,-0.00030924793099984527,0.029,2000
64.05,-0.00468942616134882,0.0001763374311849475,-0.0003118487657047808,0.026,2000
64.15,-0.004672947805374861,0.00026636564871296287,-0.0003121624467894435,0.024,2000
64.25,-0.004655330441892147,0.0002685458166524768,-0.0003109731478616595,0.023,2000
64.35,-0.004648710135370493,0.00026273715775460005,-0.00031157670309767127,0.023,2000
64.45,-0.004648109897971153,0.00028758501866832376,-0.0003107114462181926,0.022,2000
64.55,-0.004657315090298653,0.00025774305686354637,-0.0003097550361417234,0.023,2000
64.65,-0.004670410417020321,0.0002197854919359088,-0.00030425647855736315,0.022,2000
64.75,-0.004675682634115219,0.0002218008739873767,-0.00030057213734835386,0.022,2000
64.85,-0.004669089335948229,0.00028220622334629297,-0.0002981970028486103,0.024,2000
64.95,-0.004657479468733072,0.0003095052670687437,-0.0002934704825747758,0.025,2000
65.05,-0.004641415551304817,0.0003187108086422086,-0.00028960907366126776,0.026,2000
65.15,-0.004636444617062807,0.00024833367206156254,-0.00028486826340667903,0.027,2000
65.25,-0.004636039957404137,0.00024648039834573865,-0.00028086520615033805,0.028,2000
65.35,-0.004643525928258896,0.00028421066235750914,-0.0002788288111332804,0.028,2000
65.45,-0.004654215648770332,0.00029732100665569305,-0.00027573644183576107,0.029,2000
65.55,-0.00466703437268734,0.0002914002980105579,-0.0002756630419753492,0.029,2000
65.65,-0.0046819476410746574,0.00022408459335565567,-0.00027332297759130597,0.029,2000
65.75,-0.004684746731072664,0.000257857667747885,-0.0002700558106880635,0.029,2000
65.85,-0.004675139673054218,0.00024310365552082658,-0.00026794278528541327,0.028,2000
65.95,-0.004659010097384453,0.0002912149648182094,-0.00026633069501258433,0.026,2000
66.05,-0.0046395170502364635,0.0003008615458384156,-0.0002683169732335955,0.025,2000
66.15,-0.004632557742297649,0.0002151397056877613,-0.00026796359452418983,0.024,2000
66.25,-0.004632190801203251,0.00029812968568876386,-0.0002647005021572113,0.024,2000
66.35,-0.004640272818505764,0.00028516672318801284,-0.00026443961542099714,0.024,2000
66.45,-0.004651215858757496,0.0003078425652347505,-0.0002641814644448459,0.025,2000
66.55,-0.004654007498174906,0.00032097246730700135,-0.00026212516240775585,0.025,2000
66.65,-0.004647010006010532,0.00030124367913231254,-0.0002575036196503788,0.025,2000
66.75,-0.004633770324289799,0.00022163480753079057,-0.0002535232051741332,0.024,2000
66.85,-0.0046167438849806786,0.00026379991322755814,-0.000250352022703737,0.024,2000
66.95,-0.00461072102189064,0.0002938367542810738,-0.00025076072779484093,0.023,2000
67.05,-0.004610428586602211,0.0002946152235381305,-0.0002505000156816095,0.022,2000
67.15,-0.004619073588401079,0.000310405099298805,-0.0002501191629562527,0.023,2000
67.25,-0.00462989741936326,0.00028353941161185503,-0.00024659530026838183,0.022,2000
67.35,-0.004635651130229235,0.00023412215523421764,-0.00024271932488773018,0.022,2000
67.45,-0.004632013849914074,0.0002615111297927797,-0.00024276885960716754,0.023,2000
67.55,-0.004620941821485758,0.00023713806876912713,-0.00024050746287684888,0.024,2000
67.65,-0.004605435766279697,0.00026712619001045823,-0.0002434523921692744,0.026,2000
67.75,-0.004602709785103798,0.00025421014288440347,-0.0002464668359607458,0.028,2000
67.85,-0.0046056159771978855,0.00032754155108705163,-0.0002450578904245049,0.03,2000
67.95,-0.004620802588760853,0.00026297575095668435,-0.00024329684674739838,0.033,2000
68.05,-0.004633371718227863,0.00028668640879914165,-0.00023647498164791614,0.035,2000
68.15,-0.004647210706025362,0.00023425673134624958,-0.0002314970042789355,0.037,2000
68.25,-0.004658954683691263,0.00027080002473667264,-0.00022355680994223803,0.038,2000
68.35,-0.004661208018660545,0.0002539971028454602,-0.0002201498718932271,0.038,2000
68.45,-0.004654065705835819,0.00024788768496364355,-0.00021883935551159084,0.038,2000
68.55,-0.004638575483113527,0.00026748370146378875,-0.00022028254170436412,0.037,2000
68.65,-0.00461882259696722,0.0002995830145664513,-0.00022381232702173293,0.036,2000
68.75,-0.004611337091773748,0.00031230488093569875,-0.00022571731824427843,0.034,2000
68.85,-0.004612624645233154,0.0003166742390021682,-0.00022746996546629816,0.033,2000
68.95,-0.0046230037696659565,0.00028022658079862595,-0.00022812721726950258,0.031,2000
69.05,-0.004635164979845285,0.0002663691411726177,-0.00022702181013301015,0.029,2000
69.15,-0.00464252196252346,0.0002562135341577232,-0.00022605937556363642,0.029,2000
69.25,-0.0046364013105630875,0.0002930847113020718,-0.00022777871345169842,0.029,2000
69.35,-0.004626232665032148,0.00024175818543881178,-0.00023094553034752607,0.028,2000
69.45,-0.004610637202858925,0.0002961964928545058,-0.00022800399165134877,0.029,2000
69.55,-0.004605496302247047,0.00027518649585545063,-0.00022635360073763877,0.029,2000
69.65,-0.004609367810189724,0.0002647220971994102,-0.00022272327623795718,0.029,2000
69.75,-0.0046226088888943195,0.00023686204804107547,-0.00021753530018031597,0.028,2000
69.85,-0.00463389465585351,0.00029270449886098504,-0.00021361804101616144,0.03,2000
69.95,-0.0046400753781199455,0.0003094634157605469,-0.00021156125876586884,0.032,2000
70.05,-0.00463203014805913,0.0002649326343089342,-0.0002089284680550918,0.035,2000
70.15,-0.004618536215275526,0.0002863219124265015,-0.00020821169891860336,0.037,2000
70.25,-0.004603336565196514,0.00022662640549242496,-0.0002089704794343561,0.037,2000
70.35,-0.00459618354216218,0.00026092142798006535,-0.00021124401246197522,0.036,2000
70.45,-0.0045966655015945435,0.0002765753888525069,-0.00020988014875911176,0.035,2000
70.55,-0.0046051074750721455,0.00029210775392130017,-0.0002104791929014027,0.034,2000
70.65,-0.004615074954926968,0.00028091593412682414,-0.00020874715119134635,0.034,2000
70.75,-0.004625584930181503,0.0003187237889505923,-0.00020790015696547925,0.035,2000
70.85,-0.004636737518012524,0.000278542865999043,-0.0002016607904806733,0.036,2000
70.95,-0.0046357871033251286,0.0002972377114929259,-0.00019418675219640136,0.036,2000
71.05,-0.00462718540802598,0.0002883360139094293,-0.00019202614203095436,0.036,2000
71.15,-0.0046100495383143425,0.00025801867013797164,-0.00018929262296296656,0.034,2000
71.25,-0.004594364203512669,0.0002699841861613095,-0.00018601918418426067,0.033,2000
71.35,-0.004588359035551548,0.0003259210498072207,-0.00018602667842060328,0.033,2000
71.45,-0.004586688708513975,0.0003641420044004917,-0.00018172795535065234,0.032,2000
71.55,-0.004596814978867769,0.0002491088816896081,-0.00018280684889759868,0.032,2000
71.65,-0.004607472103089094,0.0002912863274104893,-0.0001820804172893986,0.032,2000
71.75,-0.00460982508957386,0.0002386667183600366,-0.00018242854275740683,0.034,2000
71.85,-0.004600201267749071,0.0003183283261023462,-0.00018390039622318,0.035,2000
71.95,-0.004587681498378515,0.00025933480355888605,-0.0001852556160883978,0.035,2000
72.05,-0.004571988247334957,0.0003127741510979831,-0.0001860783959273249,0.035,2000
72.15,-0.0045662675984203815,0.0002512950450181961,-0.00018712256860453635,0.035,2000
72.25,-0.004564735572785139,0.0003032179665751755,-0.0001870088599389419,0.035,2000
72.35,-0.004571604076772928,0.00030599685851484537,-0.0001876277383416891,0.034,2000
72.45,-0.004584257025271654,0.00024131109239533544,-0.00018226409156341106,0.035,2000
72.55,-0.0045897760428488255,0.0002575750113464892,-0.0001803440391086042,0.037,2000
72.65,-0.004585054237395525,0.000289462273940444,-0.00017730583203956485,0.038,2000
72.75,-0.00457737734541297,0.00026879552751779556,-0.00017469680460635573,0.038,2000
72.85,-0.004568607546389103,0.00024080497678369284,-0.00017443076649215072,0.038,2000
72.95,-0.004568648524582386,0.0002959376433864236,-0.0001747460337355733,0.038,2000
73.05,-0.004574775695800781,0.0002565346076153219,-0.00017233850667253137,0.039,2000
73.15,-0.004588834010064602,0.0002941812854260206,-0.00017306719382759184,0.039,2000
73.25,-0.004602721426635981,0.00028562621446326375,-0.00017250809469260275,0.039,2000
73.35,-0.004616900812834501,0.00032227864721789956,-0.00017704104539006948,0.04,2000
73.45,-0.004625859670341015,0.0002848341246135533,-0.00017787227989174426,0.041,2000
73.55,-0.004620797000825405,0.0003072148538194597,-0.0001768680667737499,0.042,2000
73.65,-0.004609938245266676,0.00026546401204541326,-0.00017617955745663494,0.042,2000
73.75,-0.004593812860548496,0.0002686112420633435,-0.0001755409175530076,0.044,2000
73.85,-0.004574328660964966,0.00028733559884130955,-0.00017445889534428716,0.046,2000
73.95,-0.0045645153149962425,0.00027841818518936634,-0.0001733019744278863,0.048,2000
74.05,-0.004562125541269779,0.00023316830629482865,-0.00016873831918928772,0.05,2000
74.15,-0.004568284377455711,0.00032299302984029055,-0.000163880133186467,0.05,2000
74.25,-0.004574616905301809,0.00031356001272797585,-0.0001627104647923261,0.049,2000
74.35,-0.004577827174216509,0.00031833816319704056,-0.0001579537201905623,0.047,2000
74.45,-0.0045721265487372875,0.0003064066986553371,-0.00015514876577071846,0.044,2000
74.55,-0.004562904126942158,0.0002424005651846528,-0.0001511408481746912,0.04,2000
74.65,-0.004546855576336384,0.0003993476857431233,-0.0001469723938498646,0.038,2000
74.75,-0.004540787078440189,0.00029747665394097567,-0.00014726637164130807,0.037,2000
74.85,-0.004545154049992561,0.00023501930991187692,-0.00014693511184304953,0.038,2000
74.95,-0.004556088708341122,0.00024630269035696983,-0.00014694532728753984,0.039,2000
75.05,-0.004570994060486555,0.0003025928745046258,-0.00014630323858000338,0.043,2000
75.15,-0.004577761981636286,0.0003436477854847908,-0.0001414948346791789,0.046,2000
75.25,-0.004575548693537712,0.0002543451264500618,-0.0001379558234475553,0.048,2000
75.35,-0.004566004499793053,0.0003382827853783965,-0.0001346128701698035,0.049,2000
75.45,-0.004554415587335825,0.00021298794308677316,-0.00013646238949149847,0.049,2000
75.55,-0.004549009725451469,0.0002850744058378041,-0.00014180378639139235,0.048,2000
75.65,-0.0045520407147705555,0.00027190038235858083,-0.000140624339110218,0.048,2000
75.75,-0.004561652895063162,0.0003246262203902006,-0.00013736149412579834,0.048,2000
75.85,-0.0045720599591732025,0.00030901742866262794,-0.00013748226047027856,0.048,2000
75.95,-0.004583932925015688,0.00030847894959151745,-0.0001347660436294973,0.047,2000
76.05,-0.004593309946358204,0.0002506562741473317,-0.00013062945799902081,0.047,2000
76.15,-0.004593807738274336,0.0002977442345581949,-0.00012737151701003313,0.047,2000
76.25,-0.004584358539432287,0.00030577124562114477,-0.00012430225615389645,0.048,2000
76.35,-0.004569387529045343,0.00029602006543427706,-0.00012219499330967665,0.046,2000
76.45,-0.004548494704067707,0.0002858400112017989,-0.00012252863962203264,0.044,2000
76.55,-0.004538010805845261,0.00039218872552737594,-0.00012503322795964777,0.043,2000
76.65,-0.004538422916084528,0.00027921010041609406,-0.0001222895079990849,0.043,2000
76.75,-0.0045508090406656265,0.00023997877724468708,-0.00012345249706413597,0.042,2000
76.85,-0.004564015660434961,0.0003089739475399256,-0.00012034115206915885,0.042,2000
76.95,-0.0045640901662409306,0.0003459243453107774,-0.00011940968397539109,0.043,2000
77.05,-0.004555959720164537,0.00029059237567707896,-0.00012017920380458236,0.044,2000
77.15,-0.004541728645563126,0.00029801635537296534,-0.00011965891462750733,0.045,2000
77.25,-0.0045304372906684875,0.000253888254519552,-0.00012025880278088152,0.045,2000
77.35,-0.004524852614849806,0.0003188622067682445,-0.00011539007391547784,0.046,2000
77.45,-0.004526144824922085,0.00033759395591914654,-0.00011089521285612136,0.045,2000
77.55,-0.004535710904747248,0.0003425153554417193,-0.00010745593317551538,0.043,2000
77.65,-0.004549636971205473,0.0003322122502140701,-0.00010183158883592114,0.042,2000
77.75,-0.004553875420242548,0.00029611692298203707,-9.827617031987756e-05,0.04,2000
77.85,-0.00454606581479311,0.00030062312725931406,-9.638543997425586e-05,0.037,2000
77.95,-0.0045307232066988945,0.0003639613278210163,-9.672684245742857e-05,0.035,2000
78.05,-0.004513643682003021,0.00026809662813320756,-9.86027080216445e-05,0.031,2000
78.15,-0.004506662487983704,0.00026953202905133367,-0.00010086999100167304,0.029,2000
78.25,-0.004508226178586483,0.00029523606644943357,-0.00010273736552335322,0.029,2000
78.35,-0.004519173875451088,0.000296859594527632,-0.000104328035376966,0.03,2000
78.45,-0.004528011195361614,0.0002847407595254481,-0.00010385923087596893,0.03,2000
78.55,-0.004542477894574404,0.00035743339685723186,-0.00010574339830782264,0.03,2000
78.65,-0.00455010961741209,0.00034131581196561456,-0.00010869454854400828,0.031,2000
78.75,-0.004551396239548922,0.00029255251865834,-0.00010943824599962682,0.033,2000
78.85,-0.004545858129858971,0.00031886546639725566,-0.00010937284241663292,0.036,2000
78.95,-0.0045362478122115135,0.00031226943247020245,-0.00010701272549340501,0.039,2000
79.05,-0.004524107091128826,0.0002707380917854607,-0.00010396864672657102,0.039,2000
79.15,-0.004521091468632221,0.0002808098797686398,-0.00010165788262384012,0.04,2000
79.25,-0.004522691946476698,0.00025374110555276275,-9.619629418011755e-05,0.042,2000
79.35,-0.004531895741820335,0.00032796262530609965,-9.466206392971799e-05,0.042,2000
79.45,-0.0045408946461975574,0.00030175159918144345,-9.14528573048301e-05,0.043,2000
79.55,-0.004543391987681389,0.00032114109490066767,-8.990072092274204e-05,0.041,2000
79.65,-0.004536903463304043,0.00030239258194342256,-9.199218038702384e-05,0.041,2000
79.75,-0.004524758085608482,0.0002897376543842256,-9.204397792927921e-05,0.039,2000
79.85,-0.004510922357439995,0.00025217345682904124,-9.354502253700048e-05,0.037,2000
79.95,-0.004502949304878712,0.0003207873669452965,-9.617830073693767e-05,0.034,2000
80.05,-0.004505285993218422,0.00038044952088966966,-9.539135498926044e-05,0.033,2000
80.15,-0.004514295142143965,0.00033813691698014736,-9.594786388333887e-05,0.031,2000
80.25,-0.0045216879807412624,0.00038303277688100934,-9.322814003098756e-05,0.03,2000
80.35,-0.004524614196270704,0.0002994195092469454,-8.800729119684547e-05,0.029,2000
80.45,-0.004520622082054615,0.0002983983140438795,-8.428610453847796e-05,0.028,2000
80.55,-0.004509038291871548,0.00034242862602695823,-8.22458605398424e-05,0.028,2000
80.65,-0.0044982051476836205,0.00027997064171358943,-7.871316483942792e-05,0.028,2000
80.75,-0.004497577901929617,0.0003068475052714348,-8.191460801754147e-05,0.028,2000
80.85,-0.004501680843532085,0.00031179754296317697,-7.796954014338553e-05,0.028,2000
80.95,-0.004513438791036606,0.0002797470078803599,-8.016922220122069e-05,0.03,2000
81.05,-0.004524637944996357,0.00037198554491624236,-8.076535596046597e-05,0.031,2000
81.15,-0.004539953079074621,0.0002750540152192116,-8.505023288307711e-05,0.032,2000
81.25,-0.004549303092062473,0.0002869011368602514,-8.665915811434388e-05,0.032,2000
81.35,-0.004547969438135624,0.0002917365054599941,-8.776857430348173e-05,0.031,2000
81.45,-0.0045397630892694,0.0002570559154264629,-8.852487371768802e-05,0.031,2000
81.55,-0.004524880088865757,0.0003151996643282473,-9.016325930133462e-05,0.032,2000
81.65,-0.004505344200879335,0.0003305458230897784,-9.150674304692075e-05,0.033,2000
81.75,-0.004497352987527847,0.00031211954774335027,-9.176210733130574e-05,0.035,2000
81.85,-0.004498977214097977,0.00029369909316301346,-9.097407746594399e-05,0.035,2000
81.95,-0.004506754223257303,0.00033517152769491076,-9.090312960324809e-05,0.035,2000
82.05,-0.004515552893280983,0.0003503672778606415,-8.97604986676015e-05,0.035,2000
82.15,-0.004519140347838402,0.0002859390224330127,-8.654355769976974e-05,0.036,2000
82.25,-0.0045150634832680225,0.0002925985027104616,-8.24247908894904e-05,0.037,2000
82.35,-0.004503839649260044,0.0003335698856972158,-7.979918882483616e-05,0.039,2000
82.45,-0.004488927777856588,0.0003294630441814661,-8.131695358315483e-05,0.042,2000
82.55,-0.00448634335771203,0.0003039569710381329,-8.417402568738908e-05,0.044,2000
82.65,-0.004489644430577755,0.00027736800257116556,-8.459766104351729e-05,0.045,2000
82.75,-0.004503483884036541,0.00027393404161557555,-8.820646326057613e-05,0.044,2000
82.85,-0.004512241575866938,0.0003353804931975901,-8.791302388999611e-05,0.042,2000
82.95,-0.004513205960392952,0.0003320442629046738,-8.601012814324349e-05,0.04,2000
83.05,-0.004506359342485666,0.0003073588013648987,-8.343222725670785e-05,0.037,2000
83.15,-0.004493874032050371,0.0003238404751755297,-8.307421376230195e-05,0.033,2000
83.25,-0.004477137699723244,0.00032371742418035865,-8.861531387083232e-05,0.031,2000
83.35,-0.0044692642986774445,0.0002842593239620328,-9.090471576200798e-05,0.027,2000
83.45,-0.00446995859965682,0.00032023951644077897,-9.025587496580556e-05,0.026,2000
83.55,-0.004479379393160343,0.00029509200248867273,-9.062943718163297e-05,0.026,2000
83.65,-0.004490240477025509,0.0003588547115214169,-8.893627091310918e-05,0.026,2000
83.75,-0.004506043158471584,0.00029065494891256094,-8.942484419094399e-05,0.027,2000
83.85,-0.004518092144280672,0.0003309174790047109,-8.728382090339437e-05,0.026,2000
83.95,-0.004523896612226963,0.0003167586401104927,-8.173242531483993e-05,0.025,2000
84.05,-0.00451699597761035,0.0003883402678184211,-8.156547119142488e-05,0.023,2000
84.15,-0.004506667610257864,0.00028537545586004853,-8.132859511533752e-05,0.022,2000
84.25,-0.004489737097173929,0.00029197265394032,-8.134685776894912e-05,0.022,2000
84.35,-0.004487451631575823,0.00029214879032224417,-8.472793706459925e-05,0.021,2000
84.45,-0.004487941041588783,0.00034401373704895377,-8.640737360110506e-05,0.021,2000
84.55,-0.004497455433011055,0.00037016579881310463,-8.822642848826945e-05,0.021,2000
84.65,-0.004506065044552088,0.00032459571957588196,-8.602801972301677e-05,0.021,2000
84.75,-0.004507005214691162,0.0002973951050080359,-8.468829037155956e-05,0.021,2000
84.85,-0.004499739035964012,0.0003118551685474813,-8.952322241384536e-05,0.021,2000
84.95,-0.004486673511564732,0.0003433772944845259,-9.236560435965657e-05,0.02,2000
85.05,-0.004468998406082392,0.00036740838550031185,-9.115043212659657e-05,0.019,2000
85.15,-0.004462805110961199,0.0003411492216400802,-9.015359682962298e-05,0.019,2000
85.25,-0.004462055396288633,0.0003048296202905476,-8.436387724941596e-05,0.018,2000
85.35,-0.004468266386538744,0.00034976430470123887,-8.277406595880166e-05,0.018,2000
85.45,-0.004477483686059713,0.00029892096063122153,-7.940919749671593e-05,0.019,2000
85.55,-0.004479802213609219,0.0003019960131496191,-7.868326792959124e-05,0.019,2000
85.65,-0.004472563974559307,0.00034544774098321795,-7.908595580374822e-05,0.018,2000
85.75,-0.004459569230675697,0.00034264271380379796,-7.877942698542029e-05,0.019,2000
85.85,-0.004444556310772896,0.0002802704111672938,-8.106984023470432e-05,0.018,2000
85.95,-0.004437577445060015,0.0002972227521240711,-8.67515045683831e-05,0.016,2000
86.05,-0.004440427757799625,0.0003491247189231217,-8.811074803816155e-05,0.017,2000
86.15,-0.004452932626008987,0.00034361641155555844,-9.042730380315334e-05,0.018,2000
86.25,-0.004465863574296236,0.00027928140480071306,-9.032902016770095e-05,0.017,2000
86.35,-0.00448145717382431,0.000265598704572767,-9.29816160351038e-05,0.016,2000
86.45,-0.0044909752905368805,0.0003340336261317134,-9.533418051432818e-05,0.017,2000
86.55,-0.0044944072142243385,0.00032177905086427927,-9.628147381590679e-05,0.018,2000
86.65,-0.004485004581511021,0.0003540864563547075,-9.595144365448505e-05,0.017,2000
86.75,-0.0044720410369336605,0.00035298033617436886,-9.163736103801057e-05,0.017,2000
86.85,-0.004457208327949047,0.00031870801467448473,-8.646927017252892e-05,0.017,2000
86.95,-0.004451207350939512,0.00029540160903707147,-8.704528590897098e-05,0.019,2000
87.05,-0.004453790374100208,0.00029566424200311303,-8.26843170216307e-05,0.02,2000
87.15,-0.004462257958948612,0.00032278074650093913,-8.012456964934245e-05,0.022,2000
87.25,-0.004470216576009989,0.0003305496065877378,-7.81620983616449e-05,0.022,2000
87.35,-0.004472379572689533,0.0002768828999251127,-7.985233241925016e-05,0.024,2000
87.45,-0.004462289623916149,0.00034915603464469314,-8.18462431197986e-05,0.025,2000
87.55,-0.0044517857022583485,0.00029544701101258397,-8.17985346657224e-05,0.026,2000
87.65,-0.0044394745491445065,0.0003227645647712052,-8.280167821794748e-05,0.027,2000
87.75,-0.004437836818397045,0.0003167612012475729,-8.753941801842302e-05,0.028,2000
87.85,-0.004442573059350252,0.00029335764702409506,-8.901338878786191e-05,0.029,2000
87.95,-0.004452715627849102,0.0002628247020766139,-9.063001198228449e-05,0.03,2000
88.05,-0.0044584753923118114,0.0003008442581631243,-9.217113256454468e-05,0.032,2000
88.15,-0.004457471892237663,0.0003304753336124122,-9.155682346317917e-05,0.033,2000
88.25,-0.004450441338121891,0.00034764118026942015,-8.80480874911882e-05,0.035,2000
88.35,-0.004438239149749279,0.00036232086131349206,-8.362507651327178e-05,0.035,2000
88.45,-0.004426227416843176,0.00039169989759102464,-7.68062673159875e-05,0.034,2000
88.55,-0.004426616709679365,0.00028973660664632916,-7.407896919175982e-05,0.032,2000
88.65,-0.004432733170688152,0.0003422267036512494,-7.140087109291926e-05,0.032,2000
88.75,-0.004445608239620924,0.0002616260899230838,-7.023418584140018e-05,0.032,2000
88.85,-0.004457132425159216,0.00031248002778738737,-6.711107562296093e-05,0.032,2000
88.95,-0.004471000749617815,0.0002790983999148011,-7.007492968114093e-05,0.033,2000
89.05,-0.004480297211557627,0.000369240646250546,-7.138241926440969e-05,0.034,2000
89.15,-0.004480927716940641,0.000298880971968174,-7.268492481671274e-05,0.033,2000
89.25,-0.0044728294014930725,0.0003155117155984044,-7.324788020923734e-05,0.032,2000
89.35,-0.004459520801901817,0.0003205124521628022,-7.430900586768985e-05,0.029,2000
89.45,-0.004443733487278223,0.0003243066603317857,-7.417310553137213e-05,0.028,2000
89.55,-0.004444187972694635,0.0002810993464663625,-7.48805541661568e-05,0.026,2000
89.65,-0.004448406398296356,0.0002984799211844802,-7.390868267975748e-05,0.026,2000
89.75,-0.004459868185222149,0.00034613534808158875,-7.318169809877872e-05,0.026,2000
89.85,-0.004471906460821629,0.00031256116926670074,-7.277807890204713e-05,0.026,2000
89.95,-0.004478104412555695,0.0003611298743635416,-6.972455594222993e-05,0.027,2000
90.05,-0.004478581249713898,0.00030523096211254597,-6.724679406033829e-05,0.027,2000
90.15,-0.004470737650990486,0.0003563587088137865,-6.200859934324399e-05,0.027,2000
90.25,-0.00445706769824028,0.00035205413587391376,-5.916488589718938e-05,0.027,2000
90.35,-0.004453231580555439,0.00034950021654367447,-6.165144441183656e-05,0.028,2000
90.45,-0.004457890056073666,0.00030959362629801035,-6.645663233939558e-05,0.027,2000
90.55,-0.004464868456125259,0.0003918929724022746,-7.277073746081442e-05,0.024,2000
90.65,-0.004471370950341225,0.00033993832767009735,-7.653830834897235e-05,0.021,2000
90.75,-0.004472218919545412,0.0003053805558010936,-7.700281275901943e-05,0.018,2000
90.85,-0.004467655438929796,0.00029917305801063776,-7.75043954490684e-05,0.014,2000
90.95,-0.004457860253751278,0.0002657918957993388,-7.559353252872825e-05,0.011,2000
91.05,-0.004441299010068178,0.00031285383738577366,-7.72354906075634e-05,0.01,2000
91.15,-0.004433245863765478,0.00035998004022985697,-7.948929123813286e-05,0.009,2000
91.25,-0.004433676600456238,0.0003233355237171054,-7.742692832835019e-05,0.007,2000
91.35,-0.004442400764673948,0.00034881290048360825,-7.716483378317207e-05,0.004,2000
91.45,-0.004454347770661116,0.0003159447805956006,-7.694640225963667e-05,0.002,2000
91.55,-0.004466726910322905,0.00033076165709644556,-7.605010614497587e-05,0.0,2000
91.65,-0.004477422684431076,0.00028479716274887323,-7.403588824672624e-05,-0.003,2000
91.75,-0.004478094633668661,0.0003321717958897352,-6.739168020430952e-05,-0.005,2000
91.85,-0.0044680628925561905,0.0002811154117807746,-6.542639312101528e-05,-0.008,2000
91.95,-0.004451066721230745,0.0002930185291916132,-6.0941609262954444e-05,-0.011,2000
92.05,-0.0044327727518975735,0.0003090496174991131,-6.313614721875638e-05,-0.013,2000
92.15,-0.004428050946444273,0.0002791994484141469,-6.466952618211508e-05,-0.017,2000
92.25,-0.004430032335221767,0.00032023026142269373,-6.693456816719845e-05,-0.018,2000
92.35,-0.00444238493219018,0.0003498897422105074,-7.045398524496704e-05,-0.02,2000
92.45,-0.0044517214410007,0.00033948966301977634,-7.112450111890212e-05,-0.023,2000
92.55,-0.004452598746865988,0.0003338464302942157,-7.017432653810829e-05,-0.025,2000
92.65,-0.004446049220860004,0.000347549794241786,-7.204119901871309e-05,-0.026,2000
92.75,-0.004435600712895393,0.0002788255224004388,-7.146420830395073e-05,-0.025,2000
92.85,-0.004419414792209864,0.0002950236666947603,-7.133693725336343e-05,-0.022,2000
92.95,-0.0044159432873129845,0.0003305257996544242,-7.477058534277603e-05,-0.02,2000
93.05,-0.004420352168381214,0.0002863366389647126,-7.48929669498466e-05,-0.016,2000
93.15,-0.004429223481565714,0.00037064647767692804,-7.577447104267776e-05,-0.014,2000
93.25,-0.004441075026988983,0.0003273257752880454,-7.163006375776604e-05,-0.012,2000
93.35,-0.004444817081093788,0.0002676860895007849,-6.901840242790058e-05,-0.009,2000
93.45,-0.004439466632902622,0.00032277905847877264,-6.679216312477365e-05,-0.005,2000
93.55,-0.004427941981703043,0.00036000367254018784,-6.670247239526361e-05,-0.002,2000
93.65,-0.004415779374539852,0.00028925854712724686,-6.982417835388333e-05,0.0,2000
93.75,-0.004415721166878939,0.0003031992819160223,-7.310998626053333e-05,0.003,2000
93.85,-0.004419620148837566,0.00038629781920462847,-7.369145168922842e-05,0.005,2000
93.95,-0.0044344146735966206,0.0003243370447307825,-7.789691881043836e-05,0.007,2000
94.05,-0.004447322804480791,0.00035193387884646654,-8.085378067335114e-05,0.008,2000
94.15,-0.004461586941033602,0.0003365522716194391,-8.395854820264503e-05,0.009,2000
94.25,-0.004470974672585726,0.0002845351118594408,-8.356785110663623e-05,0.01,2000
94.35,-0.004468749277293682,0.00028831325471401215,-8.346935646841303e-05,0.011,2000
94.45,-0.004459214862436056,0.0003587679238989949,-8.142046863213181e-05,0.013,2000
94.55,-0.004444244783371687,0.0002894976641982794,-7.641444244654849e-05,0.016,2000
94.65,-0.0044264039024710655,0.00029572146013379097,-7.092701707733795e-05,0.018,2000
94.75,-0.004418076481670141,0.0003312670160084963,-7.075275061652064e-05,0.02,2000
94.85,-0.004418644122779369,0.0003646161640062928,-6.912851677043363e-05,0.021,2000
94.95,-0.004425696097314358,0.0003183672670274973,-6.56083575449884e-05,0.021,2000
95.05,-0.004434085451066494,0.00028892059344798326,-6.188322731759399e-05,0.021,2000
95.15,-0.004434483591467142,0.000383531441912055,-6.095802746131085e-05,0.021,2000
95.25,-0.004426789470016956,0.00031108129769563675,-6.348859460558742e-05,0.02,2000
95.35,-0.004413928370922804,0.0002921388950198889,-6.340870459098369e-05,0.02,2000
95.45,-0.004403515253216028,0.00033035315573215485,-6.716088682878762e-05,0.019,2000
95.55,-0.0044042919762432575,0.00037246127612888813,-7.02234247000888e-05,0.017,2000
95.65,-0.004410505294799805,0.0002993110101670027,-7.163430564105511e-05,0.017,2000
95.75,-0.004424005281180143,0.0003370825434103608,-7.553984323749319e-05,0.015,2000
95.85,-0.004435915499925613,0.0003222922096028924,-7.869110413594171e-05,0.014,2000
95.95,-0.004440099000930786,0.00037964945659041405,-7.875057781348005e-05,0.013,2000
96.05,-0.004435328301042318,0.00033945951145142317,-7.749165524728596e-05,0.013,2000
96.15,-0.004424946382641792,0.00033648789394646883,-7.266994361998513e-05,0.013,2000
96.25,-0.004415502306073904,0.0003067655488848686,-7.113868196029216e-05,0.014,2000
96.35,-0.00441123778000474,0.00033116794656962156,-6.974580173846334e-05,0.014,2000
96.45,-0.004411239642649889,0.0003456142731010914,-6.464975740527734e-05,0.014,2000
96.55,-0.0044205705635249615,0.00030221266206353903,-6.377138925017789e-05,0.014,2000
96.65,-0.004429049789905548,0.00030672235880047083,-6.209578714333475e-05,0.014,2000
96.75,-0.004442115779966116,0.00029111525509506464,-6.554576248163357e-05,0.015,2000
96.85,-0.0044530280865728855,0.0002983836457133293,-6.82055760989897e-05,0.016,2000
96.95,-0.00445245997980237,0.00036672642454504967,-6.827709876233712e-05,0.017,2000
97.05,-0.004444078542292118,0.000302300788462162,-6.741517427144572e-05,0.018,2000
97.15,-0.004427140578627586,0.00035285833291709423,-6.719613156747073e-05,0.019,2000
97.25,-0.004409428220242262,0.0002932243514806032,-6.780047988286242e-05,0.019,2000
97.35,-0.004403804428875446,0.00033514550887048244,-7.115210610209033e-05,0.02,2000
97.45,-0.0044058277271687984,0.0003311135806143284,-6.741848483216017e-05,0.022,2000
97.55,-0.004415113013237715,0.00032000092323869467,-6.935504643479362e-05,0.024,2000
97.65,-0.00442486023530364,0.0003020903095602989,-6.861431029392406e-05,0.024,2000
97.75,-0.004428134765475988,0.0003732334589585662,-6.755945651093498e-05,0.023,2000
97.85,-0.00442509725689888,0.00033067259937524796,-6.604230293305591e-05,0.023,2000
97.95,-0.004418846219778061,0.0003211001167073846,-6.529042002512142e-05,0.024,2000
98.05,-0.0044053830206394196,0.00029866991098970175,-6.40920625301078e-05,0.024,2000
98.15,-0.004400378558784723,0.0003584549995139241,-6.585552910109982e-05,0.024,2000
98.25,-0.004404360894113779,0.00033999618608504534,-6.694748299196362e-05,0.025,2000
98.35,-0.00441358145326376,0.0003451467491686344,-7.134796032914892e-05,0.028,2000
98.45,-0.004419819917529821,0.00030161626636981964,-7.51920961192809e-05,0.031,2000
98.55,-0.004421718418598175,0.00033895683009177446,-7.647283200640231e-05,0.032,2000
98.65,-0.004415533971041441,0.0003756002988666296,-7.735262624919415e-05,0.032,2000
98.75,-0.004404074978083372,0.0003500224556773901,-7.894003647379577e-05,0.032,2000
98.85,-0.00438688974827528,0.0003306320868432522,-7.877904863562435e-05,0.033,2000
98.95,-0.004384201485663652,0.000324431573972106,-8.111904026009142e-05,0.031,2000
99.05,-0.004384355153888464,0.00033324980176985264,-7.994352199602872e-05,0.029,2000
99.15,-0.0043965959921479225,0.0003058497095480561,-7.901490607764572e-05,0.027,2000
99.25,-0.0044121998362243176,0.0002947387984022498,-7.96952735981904e-05,0.026,2000
99.35,-0.004428241867572069,0.00030304945539683104,-7.964880205690861e-05,0.025,2000
99.45,-0.004442067351192236,0.0003138467436656356,-7.712428487138823e-05,0.023,2000
99.55,-0.004445388913154602,0.00024945579934865236,-7.350798114202917e-05,0.023,2000
99.65,-0.004439567215740681,0.0003332608612254262,-7.131048187147826e-05,0.023,2000
99.75,-0.004425799008458853,0.0003325282596051693,-7.062614167807624e-05,0.023,2000
99.85,-0.004413389600813389,0.0002615816192701459,-7.371748506557196e-05,0.022,2000
99.95,-0.004410022869706154,0.0003514771815389395,-7.523340173065662e-05,0.021,2000
100.05,-0.004412854555994272,0.0003197937039658427,-7.445736991940066e-05,0.022,2000
100.15,-0.0044223954901099205,0.000319852726534009,-7.445459777954966e-05,0.024,2000
100.25,-0.004430024418979883,0.00031622208189219236,-7.244102016557008e-05,0.026,2000
100.35,-0.004431340843439102,0.00030977989081293344,-7.102576637407765e-05,0.028,2000
100.45,-0.004423046484589577,0.00030318007338792086,-7.20323296263814e-05,0.029,2000
100.55,-0.0044120787642896175,0.0003351371269673109,-7.34388959244825e-05,0.029,2000
100.65,-0.004397889133542776,0.00028771557845175266,-7.419014582410455e-05,0.028,2000
100.75,-0.0043950811959803104,0.0003134136786684394,-7.694675150560215e-05,0.029,2000
100.85,-0.004396646283566952,0.0003195122117176652,-7.727249612798914e-05,0.03,2000
100.95,-0.004408480133861303,0.0003150556003674865,-7.842266495572403e-05,0.032,2000
101.05,-0.004419750068336725,0.0003247272688895464,-7.716783147770911e-05,0.032,2000
101.15,-0.0044228434562683105,0.0003764756256714463,-7.254471711348742e-05,0.035,2000
101.25,-0.004416231997311115,0.0003562907222658396,-6.822877912782133e-05,0.037,2000
101.35,-0.004404889419674873,0.000369615969248116,-6.545512587763369e-05,0.037,2000
101.45,-0.004388538189232349,0.0003658764762803912,-6.714273331454024e-05,0.038,2000
101.55,-0.004384233150631189,0.0003775777295231819,-6.986576045164838e-05,0.037,2000
101.65,-0.004387269727885723,0.0003712704638019204,-7.057838229229674e-05,0.037,2000
101.75,-0.004400893580168486,0.0003067395882681012,-7.335806731134653e-05,0.038,2000
101.85,-0.004412950482219458,0.0003185225650668144,-7.418780296575278e-05,0.038,2000
101.95,-0.004426903091371059,0.00035550736356526613,-7.614029163960367e-05,0.039,2000
102.05,-0.004436828196048737,0.00035052187740802765,-7.728035416221246e-05,0.041,2000
102.15,-0.004439610056579113,0.00028626597486436367,-7.797989383107051e-05,0.043,2000
102.25,-0.004432591609656811,0.00029501598328351974,-7.790890231262892e-05,0.044,2000
102.35,-0.004420653451234102,0.00032773171551525593,-7.465795351890847e-05,0.047,2000
102.45,-0.004405800253152847,0.00031599693465977907,-6.725703860865906e-05,0.049,2000
102.55,-0.004401469603180885,0.0003030541120097041,-6.265662523219362e-05,0.049,2000
102.65,-0.004399960394948721,0.0003487016074359417,-6.030147415003739e-05,0.049,2000
102.75,-0.004410776309669018,0.00027358357328921556,-6.064473564038053e-05,0.048,2000
102.85,-0.00442048255354166,0.0003599274205043912,-5.8360350521979854e-05,0.048,2000
102.95,-0.004423145204782486,0.00031557318288832903,-5.896978109376505e-05,0.047,2000
103.05,-0.00441773934289813,0.0002953818766400218,-6.068604488973506e-05,0.047,2000
103.15,-0.004405837506055832,0.0003422409063205123,-5.793004311271943e-05,0.047,2000
103.25,-0.004391002468764782,0.00031012343242764473,-5.686625445378013e-05,0.046,2000
103.35,-0.004382581915706396,0.00029158336110413074,-5.560573117691092e-05,0.046,2000
103.45,-0.004381166305392981,0.0003512534312903881,-5.3507377742789686e-05,0.045,2000
103.55,-0.004387713503092527,0.00037093844730407,-5.828712528455071e-05,0.045,2000
103.65,-0.004397829994559288,0.0003619760973379016,-6.226344703463838e-05,0.044,2000
103.75,-0.004402855411171913,0.00035199569538235664,-6.254768959479406e-05,0.044,2000
103.85,-0.0044017815962433815,0.00031765049789100885,-6.238998321350664e-05,0.045,2000
103.95,-0.0043940977193415165,0.0003231060691177845,-6.12527146586217e-05,0.045,2000
104.05,-0.004382289480417967,0.0003260723315179348,-5.806235640193336e-05,0.046,2000
104.15,-0.0043794852681458,0.00038921216037124395,-5.4743293731007725e-05,0.044,2000
104.25,-0.004387346096336842,0.0002833347534760833,-5.2156719902995974e-05,0.044,2000
104.35,-0.004397675860673189,0.00030994322150945663,-5.3652634960599244e-05,0.046,2000
104.45,-0.004405798856168985,0.0003028392093256116,-5.373415842768736e-05,0.046,2000
104.55,-0.004418954253196716,0.0002744140801951289,-5.602007149718702e-05,0.047,2000
104.65,-0.004429994150996208,0.00036015675868839025,-5.946132296230644e-05,0.049,2000
104.75,-0.0044310204684734344,0.00032779667526483536,-5.954655716777779e-05,0.052,2000
104.85,-0.00442521832883358,0.00030509033240377903,-5.935374429100193e-05,0.052,2000
104.95,-0.004414750728756189,0.000345533830113709,-6.089684029575437e-05,0.053,2000
105.05,-0.004403881262987852,0.0003191742580384016,-6.604254303965718e-05,0.052,2000
105.15,-0.004400300793349743,0.0003003878518939018,-6.972839764785022e-05,0.052,2000
105.25,-0.004402469843626022,0.00035341933835297823,-7.580010424135253e-05,0.053,2000
105.35,-0.0044126808643341064,0.00035496812779456377,-8.056731167016551e-05,0.05,2000
105.45,-0.004425154998898506,0.0002683172933757305,-8.293526479974389e-05,0.048,2000
105.55,-0.004428213927894831,0.00034778856206685305,-8.24665476102382e-05,0.048,2000
105.65,-0.004424464888870716,0.0002894576173275709,-7.725901377853006e-05,0.047,2000
105.75,-0.004410140216350555,0.0003309800522401929,-7.330383232329041e-05,0.047,2000
105.85,-0.0043915435671806335,0.00033976708073168993,-6.923047476448119e-05,0.046,2000
105.95,-0.004385379608720541,0.0003285993589088321,-6.876741826999933e-05,0.044,2000
106.05,-0.004385985899716616,0.00031572754960507154,-6.853429658804089e-05,0.042,2000
106.15,-0.004393183626234531,0.0003075524000450969,-7.088611891958863e-05,0.042,2000
106.25,-0.004400989972054958,0.0002918001264333725,-7.452088175341487e-05,0.044,2000
106.35,-0.004401406738907099,0.00033367169089615345,-7.395057036774233e-05,0.044,2000
106.45,-0.004393923096358776,0.00034370983485132456,-7.310958608286455e-05,0.047,2000
106.55,-0.0043810829520225525,0.0003883461467921734,-7.194905629148707e-05,0.05,2000
106.65,-0.0043672421015799046,0.0003600242780521512,-7.334568363148719e-05,0.05,2000
106.75,-0.0043651931919157505,0.0003059685695916414,-7.361892494373024e-05,0.05,2000
106.85,-0.004368923604488373,0.0003032905515283346,-7.156631909310818e-05,0.05,2000
106.95,-0.004379269666969776,0.00033171300310641527,-7.161283429013565e-05,0.048,2000
107.05,-0.004392227157950401,0.00030416669324040413,-7.089962309692055e-05,0.046,2000
107.15,-0.0044073257595300674,0.00029389967676252127,-6.761505210306495e-05,0.046,2000
107.25,-0.004421312361955643,0.00037553790025413036,-6.421699072234333e-05,0.044,2000
107.35,-0.004422112833708525,0.0003669094294309616,-6.578332977369428e-05,0.043,2000
107.45,-0.004415489267557859,0.0003395599778741598,-6.51259979349561e-05,0.043,2000
107.55,-0.004402584861963987,0.000308720744214952,-6.318060331977904e-05,0.045,2000
107.65,-0.004384235013276339,0.0003821220016106963,-6.642669904977083e-05,0.045,2000
107.75,-0.00437663309276104,0.00037385697942227125,-7.352095417445526e-05,0.046,2000
107.85,-0.004377338103950024,0.00033382861874997616,-7.547170389443636e-05,0.045,2000
107.95,-0.004387176129966974,0.00029716966673731804,-8.098776743281633e-05,0.043,2000
108.05,-0.004398812539875507,0.0003165311645716429,-8.14588856883347e-05,0.04,2000
108.15,-0.004397047683596611,0.00042295525781810284,-8.025159331737086e-05,0.04,2000
108.25,-0.004390416666865349,0.00029582076240330935,-8.072719356277958e-05,0.039,2000
108.35,-0.004376811906695366,0.00037102634087204933,-7.994999759830534e-05,0.04,2000
108.45,-0.004363485611975193,0.00030994624830782413,-7.637333328602836e-05,0.041,2000
108.55,-0.00435884902253747,0.000345227075740695,-7.602581899845973e-05,0.042,2000
108.65,-0.004360047634691,0.0003619302297011018,-7.531123264925554e-05,0.041,2000
108.75,-0.004371856804937124,0.00024033442605286837,-7.476657629013062e-05,0.041,2000
108.85,-0.00438314164057374,0.0002880386309698224,-7.143231778172776e-05,0.041,2000
108.95,-0.004387855064123869,0.0003472450189292431,-6.654945900663733e-05,0.041,2000
109.05,-0.004384312313050032,0.00036147842183709145,-6.319911335594952e-05,0.04,2000
109.15,-0.004371485207229853,0.0003531468100845814,-6.513838889077306e-05,0.04,2000
109.25,-0.004357239231467247,0.0002768576378002763,-6.590414704987779e-05,0.041,2000
109.35,-0.004353831056505442,0.00035118102096021175,-6.61811136524193e-05,0.042,2000
109.45,-0.004359401762485504,0.0002727414248511195,-6.634827150264755e-05,0.041,2000
109.55,-0.0043715802021324635,0.00035065063275396824,-6.7679509811569e-05,0.041,2000
109.65,-0.0043845693580806255,0.00032432086300104856,-6.738722731824964e-05,0.041,2000
109.75,-0.004395467694848776,0.0003398711560294032,-6.806933379266411e-05,0.041,2000
109.85,-0.004407953470945358,0.0002980893477797508,-7.274602830875665e-05,0.042,2000
109.95,-0.004412447102367878,0.00028720730915665627,-7.294317765627056e-05,0.041,2000
110.05,-0.004403362516313791,0.0003564762882888317,-7.322179590119049e-05,0.041,2000
110.15,-0.004388771485537291,0.00037134578451514244,-7.16727736289613e-05,0.04,2000
110.25,-0.004371686838567257,0.00029521563556045294,-7.423455826938152e-05,0.04,2000
110.35,-0.004365344066172838,0.00031498412135988474,-7.36354268155992e-05,0.041,2000
110.45,-0.004363556858152151,0.0003816779935732484,-7.277168333530426e-05,0.041,2000
110.55,-0.004373561125248671,0.0002723855432122946,-7.251174247357994e-05,0.04,2000
110.65,-0.004383210092782974,0.0003197137266397476,-7.333776011364534e-05,0.04,2000
110.75,-0.0043884944170713425,0.0003009828506037593,-7.223984721349552e-05,0.04,2000
110.85,-0.004385828040540218,0.000263839028775692,-7.484906382160261e-05,0.04,2000
110.95,-0.004377273842692375,0.000297940568998456,-7.560410449514166e-05,0.04,2000
111.05,-0.004369917791336775,0.0003307700389996171,-7.76690139900893e-05,0.041,2000
111.15,-0.0043706875294446945,0.0003166815731674433,-8.145334868459031e-05,0.042,2000
111.25,-0.004375055432319641,0.0003504481865093112,-8.39650965644978e-05,0.042,2000
111.35,-0.004386738408356905,0.00038494355976581573,-8.639045699965209e-05,0.042,2000
111.45,-0.004398421850055456,0.00037344812881201506,-8.923644782043993e-05,0.042,2000
111.55,-0.00440526707097888,0.0002918438985943794,-9.010928624775261e-05,0.043,2000
111.65,-0.004400039091706276,0.0003463391913101077,-8.84796172613278e-05,0.043,2000
111.75,-0.0043867663480341434,0.00037315022200345993,-8.805964898783714e-05,0.042,2000
111.85,-0.00437325332313776,0.00032675149850547314,-8.320809865836054e-05,0.042,2000
111.95,-0.004366735927760601,0.00032234168611466885,-7.82165807322599e-05,0.044,2000
112.05,-0.0043697659857571125,0.0003023213939741254,-7.36081346985884e-05,0.044,2000
112.15,-0.0043816110119223595,0.00032291875686496496,-7.136189378798008e-05,0.043,2000
112.25,-0.004392646718770266,0.00035974266938865185,-7.116343476809561e-05,0.043,2000
112.35,-0.0044065057300031185,0.00028023228514939547,-7.350614032475278e-05,0.044,2000
112.45,-0.0044144862331449986,0.00036435446236282587,-7.217590609798208e-05,0.045,2000
112.55,-0.004415660630911589,0.00027317903004586697,-7.424134673783556e-05,0.046,2000
112.65,-0.004407268017530441,0.0003007568884640932,-7.440977788064629e-05,0.048,2000
112.75,-0.004392107017338276,0.0003911149688065052,-7.391713006654754e-05,0.048,2000
112.85,-0.004376095253974199,0.0002994304522871971,-7.630886102560908e-05,0.049,2000
112.95,-0.004371861927211285,0.00034675782080739737,-8.452166366623715e-05,0.048,2000
113.05,-0.0043723611161112785,0.00031844270415604115,-8.802537195151672e-05,0.048,2000
113.15,-0.004382398445159197,0.0002904225839301944,-9.42378246691078e-05,0.048,2000
113.25,-0.00439577829092741,0.00030644366052001715,-9.605188097339123e-05,0.046,2000
113.35,-0.004398901015520096,0.00026725558564066887,-9.092871187021956e-05,0.045,2000
113.45,-0.004395485855638981,0.00031144171953201294,-8.756678289500996e-05,0.045,2000
113.55,-0.004383596125990152,0.00034685072023421526,-8.144281309796497e-05,0.046,2000
113.65,-0.004371084738522768,0.00031142227817326784,-7.72774510551244e-05,0.047,2000
113.75,-0.004366354551166296,0.00034026603680104017,-7.544780964963138e-05,0.046,2000
113.85,-0.004369132686406374,0.00028620241209864616,-7.292207737918943e-05,0.046,2000
113.95,-0.004375715274363756,0.0003382953582331538,-7.555487536592409e-05,0.046,2000
114.05,-0.0043845162726938725,0.0002914608921855688,-7.710924546699971e-05,0.045,2000
114.15,-0.004388321656733751,0.00030444609001278877,-7.674293010495603e-05,0.044,2000
114.25,-0.004384694620966911,0.0003510779934003949,-7.988396828295663e-05,0.044,2000
114.35,-0.004374542273581028,0.0002705976366996765,-7.933766028145328e-05,0.045,2000
114.45,-0.004360472783446312,0.0003337280359119177,-7.943522359710187e-05,0.047,2000
114.55,-0.004353816621005535,0.00034713372588157654,-8.094039367279038e-05,0.049,2000
114.65,-0.004355006385594606,0.0003036712296307087,-7.835491123842075e-05,0.052,2000
114.75,-0.004364711232483387,0.00030926289036870003,-7.776411075610667e-05,0.054,2000
114.85,-0.0043735322542488575,0.0003301493125036359,-7.42796910344623e-05,0.055,2000
114.95,-0.004389443900436163,0.0003396855900064111,-7.561427628388628e-05,0.057,2000
115.05,-0.0044015333987772465,0.00029642251320183277,-7.186331640696153e-05,0.059,2000
115.15,-0.0044029452838003635,0.0003544915234670043,-6.943046173546463e-05,0.059,2000
115.25,-0.004396424628794193,0.0002698631724342704,-6.65820189169608e-05,0.06,2000
115.35,-0.004381305538117886,0.0003455430269241333,-6.456686969613656e-05,0.06,2000
115.45,-0.004365317057818174,0.0002996046096086502,-6.589844269910827e-05,0.061,2000
115.55,-0.004355724900960922,0.00035331910476088524,-6.898710853420198e-05,0.06,2000
115.65,-0.004354351665824652,0.00032162247225642204,-7.230552000692114e-05,0.058,2000
115.75,-0.0043614874593913555,0.000329737551510334,-7.952825399115682e-05,0.056,2000
115.85,-0.004370532929897308,0.0003498366568237543,-7.873933645896614e-05,0.055,2000
115.95,-0.004372552968561649,0.0003326376900076866,-7.779717270750552e-05,0.055,2000
116.05,-0.004361969884485006,0.00031072390265762806,-7.812242256477475e-05,0.055,2000
116.15,-0.00435031671077013,0.00035489967558532953,-7.24467245163396e-05,0.055,2000
116.25,-0.0043375673703849316,0.0003264561528339982,-7.438419561367482e-05,0.054,2000
116.35,-0.0043351538479328156,0.0003210116410627961,-7.443280628649518e-05,0.054,2000
116.45,-0.004337483551353216,0.0003322707489132881,-7.551266753580421e-05,0.052,2000
116.55,-0.004351424984633923,0.0003816507523879409,-7.688812911510468e-05,0.05,2000
116.65,-0.004366317763924599,0.00036720186471939087,-7.661347626708448e-05,0.049,2000
116.75,-0.004377351608127356,0.0002727857790887356,-7.542240200564265e-05,0.05,2000
116.85,-0.004374922718852758,0.0003194123273715377,-7.246975292218849e-05,0.051,2000
116.95,-0.004365652799606323,0.00033366901334375143,-7.257267861859873e-05,0.051,2000
117.05,-0.00435335747897625,0.0003721836255863309,-7.745583570795134e-05,0.049,2000
117.15,-0.004352114163339138,0.00028792908415198326,-8.040069224080071e-05,0.049,2000
117.25,-0.0043534524738788605,0.0003823868464678526,-8.324273221660405e-05,0.047,2000
117.35,-0.0043623377569019794,0.0003054951084777713,-8.363353117601946e-05,0.047,2000
117.45,-0.0043740770779550076,0.0002990106586366892,-8.332577999681234e-05,0.044,2000
117.55,-0.004381432663649321,0.0003511003451421857,-8.550875645596534e-05,0.042,2000
117.65,-0.004387241322547197,0.0003598603652790189,-8.718644676264375e-05,0.041,2000
117.75,-0.004383835010230541,0.00035529816523194313,-8.464795246254653e-05,0.04,2000
117.85,-0.004375337157398462,0.0003630545688793063,-8.46939001348801e-05,0.039,2000
117.95,-0.004362430889159441,0.000352659379132092,-8.271873230114579e-05,0.041,2000
118.05,-0.004348199348896742,0.00024432316422462463,-8.118139521684498e-05,0.042,2000
118.15,-0.004340101033449173,0.0003848531050607562,-8.20389250293374e-05,0.043,2000
118.25,-0.004342358093708754,0.00033922784496098757,-7.943890523165464e-05,0.044,2000
118.35,-0.004351858980953693,0.0003270681481808424,-8.032601908780634e-05,0.044,2000
118.45,-0.004357854835689068,0.00032909249421209097,-7.584394188597798e-05,0.045,2000
118.55,-0.004359463695436716,0.00032510433811694384,-7.342356548178941e-05,0.045,2000
118.65,-0.004353280644863844,0.0003183106891810894,-7.256653043441474e-05,0.044,2000
118.75,-0.00434177927672863,0.0003274368355050683,-7.381560862995684e-05,0.043,2000
118.85,-0.004329085350036621,0.00036651408299803734,-7.380610622931272e-05,0.042,2000
118.95,-0.0043256510980427265,0.0003030340885743499,-7.567185093648732e-05,0.04,2000
119.05,-0.004329702351242304,0.00027873064391314983,-7.448501128237695e-05,0.04,2000
119.15,-0.0043395874090492725,0.000347847118973732,-7.922982331365347e-05,0.04,2000
119.25,-0.004350968636572361,0.0003406408941373229,-8.337764302268624e-05,0.04,2000
119.35,-0.004354790784418583,0.0003542945487424731,-8.135531970765442e-05,0.041,2000
119.45,-0.0043465313501656055,0.0003360767150297761,-8.309797703986987e-05,0.043,2000
119.55,-0.0043326779268682,0.0003172085853293538,-8.031507604755461e-05,0.043,2000
119.65,-0.004317260347306728,0.0003607524558901787,-8.248598896898329e-05,0.044,2000
119.75,-0.004314288962632418,0.00032264203764498234,-8.420919039053842e-05,0.045,2000
119.85,-0.004317987710237503,0.00035162398125976324,-8.593202801421285e-05,0.044,2000
119.95,-0.004327903501689434,0.0003453234676271677,-8.602713205618784e-05,0.043,2000
120.05,-0.0043428377248346806,0.00027247483376413584,-8.55899415910244e-05,0.042,2000
120.15,-0.004354116972535849,0.00036797334905713797,-8.912518387660384e-05,0.042,2000
120.25,-0.004363381303846836,0.0003170997370034456,-8.805831021163613e-05,0.042,2000
120.35,-0.0043642232194542885,0.0003529052482917905,-8.468643500236794e-05,0.043,2000
120.45,-0.004357791505753994,0.00027472549118101597,-8.302625792566687e-05,0.044,2000
120.55,-0.004343618638813496,0.00034551776479929686,-8.207550854422152e-05,0.043,2000
120.65,-0.004329467657953501,0.00029920972883701324,-8.228863589465618e-05,0.042,2000
120.75,-0.00432579405605793,0.00029645347967743874,-8.562105358578265e-05,0.041,2000
120.85,-0.004327163100242615,0.0003261631354689598,-8.904855349101126e-05,0.041,2000
120.95,-0.0043381392024457455,0.00030000333208590746,-9.397947724210098e-05,0.041,2000
121.05,-0.004352147225290537,0.00028052565176039934,-9.614885493647307e-05,0.041,2000
121.15,-0.004355873912572861,0.00032372178975492716,-9.371617488795891e-05,0.042,2000
121.25,-0.004353855736553669,0.0003373422659933567,-8.88454815139994e-05,0.042,2000
121.35,-0.004343939479440451,0.0003675823099911213,-8.105303277261555e-05,0.04,2000
121.45,-0.00433161947876215,0.00034506607335060835,-7.781948079355061e-05,0.039,2000
121.55,-0.004327978938817978,0.00030829221941530704,-7.737816486041993e-05,0.039,2000
121.65,-0.004332146607339382,0.00027585832867771387,-7.795651617925614e-05,0.039,2000
121.75,-0.004342576023191214,0.00035792356356978416,-8.28130723675713e-05,0.039,2000
121.85,-0.004351009614765644,0.00032759946770966053,-8.376356709050015e-05,0.04,2000
121.95,-0.004357687663286924,0.0002723959041759372,-8.611665543867275e-05,0.042,2000
122.05,-0.004354771692305803,0.0003492221003398299,-8.571055514039472e-05,0.044,2000
122.15,-0.0043483818881213665,0.0003009594511240721,-8.692309347679839e-05,0.046,2000
122.25,-0.004339780192822218,0.0003199371276423335,-8.982337021734565e-05,0.047,2000
122.35,-0.004339190199971199,0.0003495552809908986,-9.667650738265365e-05,0.047,2000
122.45,-0.0043449196964502335,0.00027970143128186464,-0.00010132511670235544,0.047,2000
122.55,-0.004357252269983292,0.00035124190617352724,-0.00010451197886141017,0.048,2000
122.65,-0.0043692998588085175,0.0003554838476702571,-0.00010630062024574727,0.049,2000
122.75,-0.0043830485083162785,0.00037997704930603504,-0.0001058836278389208,0.051,2000
122.85,-0.004395083524286747,0.0002795513719320297,-0.00010164009290747344,0.054,2000
122.95,-0.00439799390733242,0.0003007992636412382,-9.587669046595693e-05,0.057,2000
123.05,-0.0043890271335840225,0.0003551895497366786,-8.897319639800116e-05,0.061,2000
123.15,-0.004373914562165737,0.0002671672264114022,-8.420303493039683e-05,0.063,2000
123.25,-0.004357128869742155,0.0003103766357526183,-8.405157859669998e-05,0.067,2000
123.35,-0.004347488284111023,0.00030801002867519855,-8.924910798668861e-05,0.069,2000
123.45,-0.004346861969679594,0.0003457370912656188,-9.356096416013315e-05,0.07,2000
123.55,-0.004352254793047905,0.00033902376890182495,-9.652906737755984e-05,0.069,2000
123.65,-0.004361859522759914,0.0003576634917408228,-9.614021109882742e-05,0.068,2000
123.75,-0.00436399457976222,0.0003209544811397791,-9.392924403073266e-05,0.067,2000
123.85,-0.0043568420223891735,0.00034315092489123344,-9.471261000726372e-05,0.066,2000
123.95,-0.004346090368926525,0.00026106287259608507,-9.480305743636563e-05,0.066,2000
124.05,-0.004330125171691179,0.0003505890490487218,-9.316350042354316e-05,0.067,2000
124.15,-0.004322142340242863,0.00032461597584187984,-9.576891898177564e-05,0.069,2000
124.25,-0.004324325360357761,0.0003742942353710532,-9.635194874135777e-05,0.069,2000
124.35,-0.004337837919592857,0.00032196042593568563,-9.701368253445253e-05,0.068,2000
124.45,-0.004353045020252466,0.0003255503252148628,-9.109825623454526e-05,0.068,2000
124.55,-0.004361612722277641,0.00032506638672202826,-8.889571472536772e-05,0.067,2000
124.65,-0.004356338642537594,0.00034240062814205885,-8.854523184709251e-05,0.066,2000
124.75,-0.004346795845776796,0.00030852085910737514,-8.785600221017376e-05,0.065,2000
124.85,-0.004334803204983473,0.0003340198891237378,-8.952781354309991e-05,0.065,2000
124.95,-0.0043306550942361355,0.0003375264350324869,-9.625472011975944e-05,0.065,2000
125.05,-0.004331063479185104,0.00029631040524691343,-9.915034024743363e-05,0.065,2000
125.15,-0.004341588355600834,0.00027940573636442423,-0.00010292445222148672,0.065,2000
125.25,-0.004352004267275333,0.000325850211083889,-0.00010304621537216008,0.065,2000
125.35,-0.004364972468465567,0.0002665845677256584,-0.00010679577826522291,0.065,2000
125.45,-0.004375259391963482,0.00034148141276091337,-0.00010596874926704913,0.064,2000
125.55,-0.004376332741230726,0.0003491766983643174,-0.0001024080702336505,0.064,2000
125.65,-0.004370406270027161,0.00031140760984271765,-9.981799667002633e-05,0.063,2000
125.75,-0.004357494413852692,0.00028122984804213047,-9.821684216149151e-05,0.061,2000
125.85,-0.004343962296843529,0.00032885081600397825,-0.00010082178050652146,0.06,2000
125.95,-0.0043388777412474155,0.00034750031773000956,-0.00010261878924211487,0.06,2000
126.05,-0.004341586492955685,0.00031984515953809023,-9.835242235567421e-05,0.059,2000
126.15,-0.004353304393589497,0.0002927869791164994,-9.799996041692793e-05,0.06,2000
126.25,-0.004365085158497095,0.00034217466600239277,-9.573190618539229e-05,0.062,2000
126.35,-0.004369636066257954,0.0003370578633621335,-9.337308438261971e-05,0.063,2000
126.45,-0.004367861431092024,0.000318281352519989,-9.610319830244407e-05,0.065,2000
126.55,-0.004358798731118441,0.0003290221793577075,-9.658678027335554e-05,0.064,2000
126.65,-0.004344217479228973,0.0003548281965777278,-9.604435763321817e-05,0.062,2000
126.75,-0.004339630249887705,0.00030619080644100904,-9.912338282447308e-05,0.061,2000
126.85,-0.004342316184192896,0.0002734527224674821,-9.84796934062615e-05,0.058,2000
126.95,-0.004349036142230034,0.00034508691169321537,-9.973752457881346e-05,0.054,2000
127.05,-0.00435911538079381,0.00033184653148055077,-0.00010003335773944855,0.05,2000
127.15,-0.004355903714895248,0.0003892288077622652,-0.00010184573329752311,0.05,2000
127.25,-0.00434455880895257,0.00033762597013264894,-0.00010127654968528077,0.047,2000
127.35,-0.0043328930623829365,0.00024120754096657038,-9.697685163700953e-05,0.044,2000
127.45,-0.004316618666052818,0.00035578967072069645,-9.88715109997429e-05,0.041,2000
127.55,-0.0043104966171085835,0.0003538981545716524,-9.930002124747261e-05,0.038,2000
127.65,-0.0043157730251550674,0.0002926813904196024,-9.649431012803689e-05,0.038,2000
127.75,-0.00433091726154089,0.00031303742434829473,-9.675914043327793e-05,0.037,2000
127.85,-0.004342005122452974,0.0003904333570972085,-9.578528261044994e-05,0.034,2000
127.95,-0.004356131423264742,0.0003225399414077401,-9.923078323481604e-05,0.031,2000
128.05,-0.004367830231785774,0.00030062312725931406,-0.00010021332127507776,0.03,2000
128.15,-0.004370635375380516,0.00034114159643650055,-9.8820062703453e-05,0.028,2000
128.25,-0.0043656714260578156,0.00027377542573958635,-9.94642759906128e-05,0.028,2000
128.35,-0.0043542818166315556,0.000306949601508677,-9.928544022841379e-05,0.027,2000
128.45,-0.0043380181305110455,0.00031303230207413435,-0.00010242302960250527,0.027,2000
128.55,-0.00433301692828536,0.0003208352718502283,-0.00010894864681176841,0.027,2000
128.65,-0.004334862809628248,0.00032481446396559477,-0.00011127769539598376,0.027,2000
128.75,-0.004341006278991699,0.0003280012169852853,-0.00011411714513087645,0.026,2000
128.85,-0.00435090996325016,0.0003424907336011529,-0.00011414402251830325,0.025,2000
128.95,-0.004355576355010271,0.00028029922395944595,-0.00011058254312956706,0.025,2000
129.05,-0.004351064097136259,0.0003536763833835721,-0.00010543272219365463,0.026,2000
129.15,-0.004341196734458208,0.0003303240519016981,-0.00010302440932719037,0.027,2000
129.25,-0.004326398950070143,0.0003855472896248102,-9.947656508302316e-05,0.028,2000
129.35,-0.004320950247347355,0.0003484011394903064,-9.85129299806431e-05,0.028,2000
129.45,-0.004321310669183731,0.00029720517341047525,-9.71935223788023e-05,0.028,2000
129.55,-0.004328879062086344,0.00031864503398537636,-9.952404070645571e-05,0.028,2000
129.65,-0.004338216967880726,0.000326108536683023,-0.00010384499182691798,0.027,2000
129.75,-0.004339177161455154,0.00037351471837610006,-0.00010569803271209821,0.026,2000
129.85,-0.004331379197537899,0.000373073504306376,-0.00010388519876869395,0.025,2000
129.95,-0.004318568389862776,0.0002735254820436239,-0.000102856574812904,0.024,2000
130.05,-0.004302904475480318,0.00028943060897290707,-0.00010386574285803363,0.025,2000
130.15,-0.0042952257208526134,0.0003291510511189699,-0.00010696124081732705,0.027,2000
130.25,-0.004297186154872179,0.0003056806745007634,-0.00010963429667754099,0.029,2000
130.35,-0.004308540839701891,0.00031635514460504055,-0.0001115089253289625,0.03,2000
130.45,-0.0043211583979427814,0.00034446874633431435,-0.00011314411676721647,0.031,2000
130.55,-0.0043374826200306416,0.00033555866684764624,-0.00011008868023054674,0.031,2000
130.65,-0.004352566320449114,0.00031530624255537987,-0.00010588418081169948,0.03,2000
130.75,-0.004351216368377209,0.000377006595954299,-0.00010027892130892724,0.03,2000
130.85,-0.004345042165368795,0.00034725817386060953,-9.584018698660657e-05,0.031,2000
130.95,-0.00433464627712965,0.0003292433684691787,-9.454642713535577e-05,0.031,2000
131.05,-0.004318603314459324,0.00033042964059859514,-9.430464706383646e-05,0.03,2000
131.15,-0.004309108946472406,0.00034871301613748074,-9.708415745990351e-05,0.029,2000
131.25,-0.00430847005918622,0.00035061733797192574,-9.86476443358697e-05,0.028,2000
131.35,-0.004316522274166346,0.0003500753082334995,-0.00010361812019255012,0.028,2000
131.45,-0.00432398309931159,0.0003715880447998643,-0.00010409858805360273,0.03,2000
131.55,-0.004325294867157936,0.0003334472421556711,-0.00010241635027341545,0.033,2000
131.65,-0.004320802632719278,0.00035215739626437426,-0.00010299962741555646,0.035,2000
131.75,-0.004310416989028454,0.0002955555683001876,-0.00010420278704259545,0.036,2000
131.85,-0.004296931438148022,0.0003199743805453181,-0.0001057448607753031,0.039,2000
131.95,-0.004297558683902025,0.0003341265255585313,-0.00011122079740744084,0.039,2000
132.05,-0.004305184353142977,0.00034039863385260105,-0.00011439834634074941,0.04,2000
132.15,-0.0043213884346187115,0.0003098915331065655,-0.00011517490929691121,0.041,2000
132.25,-0.004336399957537651,0.00030360021628439426,-0.00011166050535393879,0.042,1995
132.35,-0.004342283122241497,0.0002771628787741065,-0.00010750114597612992,0.043,1995
132.45,-0.004339265171438456,0.0003613727167248726,-0.00010485367965884507,0.042,1998
132.55,-0.0043288036249578,0.0003568259999155998,-9.95363006950356e-05,0.04,2000
132.65,-0.0043168021366000175,0.0002965755993500352,-9.971224790206179e-05,0.039,2000
132.75,-0.004312383010983467,0.0003115033032372594,-0.000102627367596142,0.037,2000
132.85,-0.004310807678848505,0.0003852917579934001,-0.00010468641994521022,0.035,2000
132.95,-0.0043180217035114765,0.0003454755060374737,-0.00010788593499455601,0.033,2000
133.05,-0.004331372212618589,0.0002635784912854433,-0.00010941899381577969,0.031,2000
133.15,-0.004344903863966465,0.00035236531402915716,-0.00011172060476383194,0.032,2000
133.25,-0.004357262514531612,0.0003091144608333707,-0.00011001050006598234,0.032,2000
133.35,-0.004357082769274712,0.00036226166412234306,-0.00010399880557088181,0.033,2000
133.45,-0.004347153007984161,0.00039051950443536043,-0.00010154933261219412,0.033,2000
133.55,-0.004336907062679529,0.0003229919821023941,-9.657038026489317e-05,0.036,2000
133.65,-0.004324561916291714,0.0003058833535760641,-9.570689871907234e-05,0.036,2000
133.75,-0.004324398003518581,0.00029934279154986143,-9.827679605223238e-05,0.038,2000
133.85,-0.004333282820880413,0.00033931457437574863,-9.715057967696339e-05,0.038,2000
133.95,-0.004347540903836489,0.0003784508444368839,-9.788299212232232e-05,0.037,2000
134.05,-0.0043638283386826515,0.00031981291249394417,-9.781494009075686e-05,0.036,2000
134.15,-0.004371535498648882,0.00028935144655406475,-9.658346243668348e-05,0.037,2000
134.25,-0.004367081448435783,0.0003343678545206785,-9.75154762272723e-05,0.038,2000
134.35,-0.00435712281614542,0.00029491016175597906,-0.00010051277786260471,0.04,2000
134.45,-0.004342230968177319,0.0003234277246519923,-0.00010319837019778788,0.04,2000
134.55,-0.004335459321737289,0.00036814960185438395,-0.0001081386290024966,0.04,2000
134.65,-0.004335024394094944,0.0003585689701139927,-0.00010713387018768117,0.04,2000
134.75,-0.004340810235589743,0.00033678580075502396,-0.00010969604772981256,0.042,2000
134.85,-0.004350691568106413,0.00030087330378592014,-0.00010630735050654039,0.042,2000
134.95,-0.004353891126811504,0.00030187086667865515,-0.00010393287084298208,0.041,2000
135.05,-0.004351646639406681,0.00032074167393147945,-0.00010231207124888897,0.041,2000
135.15,-0.004341472871601582,0.0002713568974286318,-0.0001005332451313734,0.042,2000
135.25,-0.004328657407313585,0.00033039029221981764,-0.00010163440310861915,0.042,2000
135.35,-0.0043287030421197414,0.00026602495927363634,-0.00010317958367522806,0.045,2000
135.45,-0.004335983656346798,0.0003085755743086338,-0.00010075700265588239,0.046,2000
135.55,-0.004350617527961731,0.0002850944874808192,-9.787704038899392e-05,0.046,2000
135.65,-0.004361080005764961,0.0003773878561332822,-9.578348544891924e-05,0.047,2000
135.75,-0.004376047756522894,0.0002833595499396324,-9.688170393928885e-05,0.048,2000
135.85,-0.004386994522064924,0.0003443799214437604,-9.660363139118999e-05,0.049,2000
135.95,-0.004388357978314161,0.0003507485380396247,-9.91540655377321e-05,0.048,2000
136.05,-0.004383225459605455,0.000294966041110456,-0.00010239100811304525,0.045,2000
136.15,-0.004368588328361511,0.00032780389301478863,-0.0001034466185956262,0.043,2000
136.25,-0.004353388212621212,0.00031879579182714224,-0.00010767785715870559,0.043,2000
136.35,-0.004349852446466684,0.00033102638553828,-0.00011253631964791566,0.044,2000
136.45,-0.004350894130766392,0.00035080360248684883,-0.00011500030086608604,0.045,2000
136.55,-0.004361612256616354,0.00024572061374783516,-0.00011768495460273698,0.046,2000
136.65,-0.004370593000203371,0.0003406347241252661,-0.00011420530790928751,0.046,2000
136.75,-0.004374481271952391,0.0003524055937305093,-0.00011285735672572628,0.047,2000
136.85,-0.004369998350739479,0.0003601998323574662,-0.00010955906327581033,0.046,2000
136.95,-0.004358469508588314,0.00033715530298650265,-0.00010618837404763326,0.045,2000
137.05,-0.00434536300599575,0.0003789677284657955,-0.00010177226067753509,0.044,2000
137.15,-0.004340220242738724,0.0002920003607869148,-0.00010064405796583742,0.044,2000
137.25,-0.004343983717262745,0.0003356497036293149,-9.944027260644361e-05,0.044,2000
137.35,-0.004352739080786705,0.0003154204459860921,-9.807729657040909e-05,0.043,2000
137.45,-0.004359738435596228,0.00034531753044575453,-9.733904880704358e-05,0.043,2000
137.55,-0.004361336585134268,0.0003313604975119233,-9.579381003277376e-05,0.044,2000
137.65,-0.0043568080291152,0.0003054182743653655,-9.4039503892418e-05,0.045,2000
137.75,-0.004343729931861162,0.00034154043532907963,-9.234973549610004e-05,0.047,2000
137.85,-0.004330793395638466,0.00022668181918561459,-9.149037214228883e-05,0.049,2000
137.95,-0.0043271188624203205,0.00032497127540409565,-9.30084497667849e-05,0.051,2000
138.05,-0.004328115843236446,0.0003928969381377101,-9.363303979625925e-05,0.052,2000
138.15,-0.004339706152677536,0.0003118370659649372,-9.38153825700283e-05,0.053,2000
138.25,-0.00435313954949379,0.00033596623688936234,-9.174764272756875e-05,0.055,2000
138.35,-0.004369067959487438,0.0003498197766020894,-9.50808243942447e-05,0.056,2000
138.45,-0.004380134865641594,0.00031795294489711523,-9.538080485071987e-05,0.055,2000
138.55,-0.0043824887834489346,0.000339010963216424,-9.377369860885665e-05,0.053,2000
138.65,-0.004376988857984543,0.0003080378519371152,-9.198731277137995e-05,0.05,2000
138.75,-0.004366866312921047,0.0002895002253353596,-9.162120841210708e-05,0.048,2000
138.85,-0.004354182165116072,0.00033214432187378407,-8.837928908178583e-05,0.048,2000
138.95,-0.004345990717411041,0.0003429526695981622,-8.933534263633192e-05,0.049,2000
139.05,-0.004348112270236015,0.0002636000281199813,-9.139788744505495e-05,0.051,2000
139.15,-0.004356749355792999,0.0003192498115822673,-9.385871817357838e-05,0.054,2000
139.25,-0.004366753157228231,0.00036946660839021206,-9.234617027686909e-05,0.056,2000
139.35,-0.0043688006699085236,0.000323257758282125,-8.772992441663519e-05,0.059,2000
139.45,-0.004361344035714865,0.00032369629479944706,-8.614192483946681e-05,0.061,2000
139.55,-0.004352440591901541,0.0003185821697115898,-8.42754016048275e-05,0.062,2000
139.65,-0.004339577164500952,0.000319463899359107,-8.796220208751038e-05,0.063,2000
139.75,-0.004338248632848263,0.0003502683248370886,-9.274788317270577e-05,0.063,2000
139.85,-0.00434495136141777,0.0003682277165353298,-9.566598600940779e-05,0.062,2000
139.95,-0.004359441343694925,0.000343889812938869,-9.620574564905837e-05,0.062,2000
140.05,-0.004375312943011522,0.0003303512930870056,-9.347920422442257e-05,0.063,2000
140.15,-0.004381309729069471,0.0003453092649579048,-9.043274621944875e-05,0.064,2000
140.25,-0.004379061050713062,0.00032086740247905254,-9.032209345605224e-05,0.064,2000
140.35,-0.004370395094156265,0.00031821371521800756,-8.849644655128941e-05,0.064,2000
140.45,-0.0043592085130512714,0.000295796780847013,-8.88906724867411e-05,0.063,2000
140.55,-0.004351588897407055,0.00030405004508793354,-9.041668818099424e-05,0.06,2000
140.65,-0.00434913719072938,0.00033772620372474194,-9.241847874363884e-05,0.058,2000
140.75,-0.00435347855091095,0.0003796634264290333,-9.551572293275967e-05,0.057,2000
140.85,-0.004362020641565323,0.0003481946187093854,-9.857743134489283e-05,0.056,2000
140.95,-0.004374786280095577,0.0003554415889084339,-0.0001029059785651043,0.054,2000
141.05,-0.004385564010590315,0.0003117496380582452,-0.00010242449934594333,0.053,2000
141.15,-0.004387864843010902,0.00032312353141605854,-0.00010350231605116278,0.052,2000
141.25,-0.004376946948468685,0.00038081640377640724,-0.0001057657427736558,0.051,2000
141.35,-0.004360998515039682,0.00034124008379876614,-0.00010625063441693783,0.05,2000
141.45,-0.004342465661466122,0.000363415339961648,-0.00010684033622965217,0.048,2000
141.55,-0.004341129679232836,0.0002919795224443078,-0.00010993413889082149,0.047,2000
141.65,-0.004346638452261686,0.00033167062792927027,-0.0001087990531232208,0.047,2000
141.75,-0.004359068814665079,0.00031679042149335146,-0.00010859439498744905,0.048,2000
141.85,-0.004372632130980492,0.00032279605511575937,-0.00010655970982043073,0.05,2000
141.95,-0.00437988480553031,0.0002842916874215007,-0.00010386043140897527,0.052,2000
142.05,-0.0043760971166193485,0.0002958719851449132,-0.00010296772961737588,0.053,2000
142.15,-0.004363699350506067,0.00034357025288045406,-0.00010379400191595778,0.053,2000
142.25,-0.004350339062511921,0.0003433132078498602,-0.00010462608770467341,0.051,2000
142.35,-0.0043449001386761665,0.00027879734989255667,-0.0001091714293579571,0.051,2000
142.45,-0.004345981404185295,0.0003567691892385483,-0.00011083939170930535,0.05,2000
